v 498 0 208
v 498 0 209
v 493 0 214
v 491 0 214
v 490 0 215
v 490 0 219
v 488 0 221
v 488 0 223
v 485 0 226
v 481 0 226
v 479 0 228
v 478 0 228
v 475 0 225
v 475 0 223
v 474 0 222
v 468 0 222
v 467 0 221
v 467 0 219
v 463 0 215
v 463 0 212
v 466 0 209
v 470 0 209
v 471 0 208
v 471 0 195
v 468 0 192
v 469 0 191
v 472 0 191
v 473 0 190
v 473 0 180
v 477 0 176
v 477 0 175
v 478 0 174
v 479 0 175
v 482 0 175
v 484 0 173
v 486 0 173
v 488 0 171
v 499 0 171
v 508 0 180
v 508 0 182
v 510 0 184
v 510 0 191
v 505 0 196
v 501 0 196
v 498 0 199
v 498 0 207
t 0 1 2
t 0 2 3
t 4 5 6
t 6 7 8
t 6 8 9
t 9 10 11
t 9 11 12
t 9 12 13
t 9 13 14
t 14 15 16
t 14 16 17
t 14 17 18
t 14 18 19
t 14 19 20
t 14 20 21
t 14 21 22
t 14 22 23
t 23 24 25
t 23 25 26
t 23 26 27
t 27 28 29
t 29 30 31
t 29 31 32
t 29 32 33
t 33 34 35
t 35 36 37
t 35 37 38
t 35 38 39
t 35 39 40
t 35 40 41
t 35 41 42
t 35 42 43
t 35 43 44
t 35 44 45
t 35 45 0
t 35 0 3
t 35 3 4
t 35 4 6
t 35 6 9
t 35 9 14
t 35 14 23
t 35 23 27
t 27 29 33
t 27 33 35

