v 569 0 183
v 569 0 190
v 568 0 191
v 567 0 191
v 566 0 192
v 560 0 192
v 558 0 190
v 546 0 190
v 545 0 191
v 544 0 191
v 543 0 192
v 543 0 193
v 533 0 193
v 532 0 194
v 527 0 189
v 524 0 189
v 518 0 183
v 518 0 182
v 519 0 181
v 519 0 175
v 518 0 174
v 518 0 163
v 517 0 162
v 516 0 162
v 515 0 161
v 515 0 148
v 519 0 144
v 519 0 134
v 518 0 133
v 518 0 127
v 522 0 123
v 522 0 113
v 523 0 112
v 524 0 112
v 526 0 114
v 531 0 114
v 537 0 120
v 537 0 124
v 539 0 126
v 539 0 127
v 540 0 128
v 540 0 135
v 545 0 140
v 545 0 142
v 548 0 145
v 548 0 149
v 550 0 151
v 550 0 152
v 552 0 154
v 551 0 155
v 551 0 156
v 552 0 157
v 555 0 157
v 555 0 158
v 556 0 159
v 557 0 159
v 558 0 160
v 558 0 167
v 559 0 168
v 564 0 168
v 566 0 170
v 567 0 170
v 573 0 176
v 571 0 178
v 571 0 179
v 569 0 181
v 569 0 182
t 0 1 2
t 0 2 3
t 0 3 4
t 0 4 5
t 0 5 6
t 0 6 7
t 7 8 9
t 10 11 12
t 12 13 14
t 14 15 16
t 14 16 17
t 14 17 18
t 14 18 19
t 19 20 21
t 22 23 24
t 22 24 25
t 22 25 26
t 27 28 29
t 27 29 30
t 30 31 32
t 30 32 33
t 30 33 34
t 30 34 35
t 30 35 36
t 30 36 37
t 30 37 38
t 30 38 39
t 30 39 40
t 30 40 41
t 30 41 42
t 30 42 43
t 30 43 44
t 30 44 45
t 45 46 47
t 47 48 49
t 47 49 50
t 51 52 53
t 51 53 54
t 54 55 56
t 54 56 57
t 58 59 60
t 60 61 62
t 60 62 63
t 60 63 64
t 60 64 65
t 60 65 66
t 60 66 0
t 60 0 7
t 60 7 9
t 9 10 12
t 9 12 14
t 9 14 19
t 9 19 21
t 21 22 26
t 26 27 30
t 26 30 45
t 26 45 47
t 26 47 50
t 26 50 51
t 26 51 54
t 26 54 57
t 26 57 58
t 58 60 9
t 58 9 21
t 58 21 26

