v 553 0 263
v 551 0 265
v 550 0 265
v 547 0 262
v 547 0 260
v 545 0 258
v 538 0 258
v 537 0 257
v 537 0 255
v 534 0 252
v 533 0 252
v 532 0 251
v 532 0 248
v 534 0 246
v 534 0 245
v 535 0 244
v 540 0 244
v 541 0 243
v 541 0 230
v 540 0 229
v 540 0 227
v 537 0 224
v 538 0 223
v 541 0 223
v 542 0 222
v 542 0 210
v 544 0 208
v 544 0 207
v 546 0 205
v 546 0 204
v 552 0 204
v 553 0 203
v 553 0 202
v 554 0 201
v 556 0 201
v 558 0 199
v 563 0 199
v 564 0 198
v 571 0 198
v 573 0 200
v 574 0 200
v 574 0 201
v 575 0 202
v 576 0 202
v 582 0 208
v 582 0 210
v 584 0 212
v 584 0 215
v 585 0 216
v 585 0 220
v 580 0 225
v 580 0 226
v 575 0 226
v 571 0 230
v 571 0 234
v 572 0 235
v 572 0 242
v 567 0 247
v 566 0 247
v 565 0 248
v 564 0 248
v 563 0 249
v 563 0 254
v 561 0 256
v 561 0 259
v 558 0 262
v 554 0 262
t 0 1 2
t 0 2 3
t 0 3 4
t 0 4 5
t 5 6 7
t 5 7 8
t 5 8 9
t 9 10 11
t 9 11 12
t 9 12 13
t 9 13 14
t 9 14 15
t 9 15 16
t 9 16 17
t 18 19 20
t 20 21 22
t 20 22 23
t 20 23 24
t 24 25 26
t 26 27 28
t 28 29 30
t 31 32 33
t 31 33 34
t 34 35 36
t 36 37 38
t 36 38 39
t 39 40 41
t 39 41 42
t 42 43 44
t 42 44 45
t 45 46 47
t 47 48 49
t 47 49 50
t 50 51 52
t 54 55 56
t 54 56 57
t 54 57 58
t 54 58 59
t 54 59 60
t 54 60 61
t 61 62 63
t 63 64 65
t 63 65 66
t 66 0 5
t 66 5 9
t 66 9 17
t 66 17 18
t 66 18 20
t 66 20 24
t 66 24 26
t 66 26 28
t 66 28 30
t 66 30 31
t 66 31 34
t 66 34 36
t 66 36 39
t 66 39 42
t 42 45 47
t 42 47 50
t 42 50 52
t 42 52 53
t 53 54 61
t 61 63 66
t 61 66 42
t 61 42 53

