v 525 0 247
v 525 0 250
v 526 0 251
v 526 0 253
v 528 0 255
v 528 0 259
v 533 0 264
v 533 0 266
v 537 0 270
v 537 0 271
v 535 0 273
v 528 0 273
v 526 0 275
v 525 0 275
v 524 0 276
v 523 0 276
v 522 0 277
v 522 0 278
v 521 0 278
v 520 0 279
v 520 0 280
v 518 0 282
v 518 0 289
v 519 0 290
v 519 0 291
v 520 0 292
v 521 0 292
v 523 0 294
v 523 0 296
v 522 0 297
v 508 0 297
v 507 0 296
v 507 0 291
v 506 0 290
v 506 0 287
v 504 0 285
v 504 0 283
v 503 0 282
v 502 0 282
v 499 0 279
v 496 0 279
v 495 0 280
v 488 0 280
v 486 0 278
v 483 0 278
v 481 0 276
v 476 0 276
v 474 0 274
v 471 0 274
v 467 0 270
v 466 0 270
v 465 0 269
v 465 0 268
v 467 0 266
v 467 0 263
v 469 0 261
v 469 0 256
v 474 0 251
v 474 0 250
v 476 0 248
v 477 0 248
v 478 0 247
v 478 0 246
v 479 0 245
v 482 0 245
v 484 0 243
v 485 0 243
v 488 0 240
v 498 0 240
v 499 0 239
v 507 0 239
v 508 0 238
v 508 0 235
v 509 0 234
v 520 0 234
v 523 0 231
v 528 0 231
v 530 0 233
v 531 0 233
v 534 0 236
v 534 0 237
v 533 0 238
v 526 0 238
v 525 0 239
v 525 0 246
t 1 2 3
t 3 4 5
t 5 6 7
t 7 8 9
t 7 9 10
t 7 10 11
t 7 11 12
t 7 12 13
t 7 13 14
t 7 14 15
t 16 17 18
t 19 20 21
t 22 23 24
t 25 26 27
t 25 27 28
t 25 28 29
t 25 29 30
t 25 30 31
t 25 31 32
t 25 32 33
t 25 33 34
t 25 34 35
t 25 35 36
t 25 36 37
t 37 38 39
t 40 41 42
t 40 42 43
t 43 44 45
t 45 46 47
t 47 48 49
t 49 50 51
t 49 51 52
t 49 52 53
t 49 53 54
t 49 54 55
t 55 56 57
t 57 58 59
t 57 59 60
t 61 62 63
t 61 63 64
t 64 65 66
t 66 67 68
t 68 69 70
t 71 72 73
t 71 73 74
t 74 75 76
t 74 76 77
t 74 77 78
t 74 78 79
t 74 79 80
t 74 80 81
t 74 81 82
t 74 82 83
t 74 83 84
t 74 84 0
t 74 0 1
t 5 7 15
t 5 15 16
t 5 16 18
t 5 18 19
t 5 19 21
t 24 25 37
t 24 37 39
t 39 40 43
t 39 43 45
t 39 45 47
t 39 47 49
t 39 49 55
t 39 55 57
t 39 57 60
t 39 60 61
t 39 61 64
t 39 64 66
t 39 66 68
t 39 68 70
t 39 70 71
t 39 71 74
t 39 74 1
t 39 1 3
t 39 3 5
t 39 5 21
t 39 21 22
t 39 22 24

