v 376 0 192
v 376 0 193
v 375 0 194
v 371 0 194
v 365 0 200
v 361 0 200
v 359 0 202
v 347 0 202
v 346 0 203
v 345 0 203
v 344 0 202
v 335 0 202
v 332 0 205
v 332 0 207
v 328 0 211
v 328 0 217
v 327 0 218
v 315 0 218
v 313 0 220
v 312 0 220
v 311 0 219
v 311 0 211
v 310 0 210
v 304 0 210
v 302 0 208
v 298 0 208
v 294 0 204
v 290 0 204
v 288 0 202
v 281 0 202
v 279 0 204
v 277 0 204
v 275 0 206
v 271 0 206
v 267 0 210
v 265 0 210
v 262 0 213
v 262 0 217
v 259 0 220
v 257 0 220
v 256 0 221
v 255 0 220
v 255 0 209
v 253 0 207
v 253 0 206
v 259 0 200
v 259 0 198
v 263 0 194
v 263 0 188
v 265 0 186
v 265 0 180
v 267 0 178
v 267 0 166
v 269 0 164
v 269 0 161
v 268 0 160
v 268 0 159
v 269 0 158
v 269 0 155
v 267 0 153
v 267 0 148
v 269 0 146
v 270 0 146
v 271 0 147
v 278 0 147
v 279 0 146
v 279 0 138
v 282 0 135
v 286 0 135
v 293 0 128
v 293 0 126
v 295 0 124
v 295 0 122
v 302 0 115
v 309 0 115
v 312 0 118
v 312 0 121
v 310 0 123
v 310 0 130
v 316 0 136
v 316 0 142
v 321 0 147
v 332 0 147
v 333 0 146
v 333 0 140
v 334 0 139
v 344 0 139
v 345 0 138
v 345 0 136
v 348 0 133
v 349 0 133
v 351 0 135
v 351 0 136
v 349 0 138
v 347 0 138
v 346 0 139
v 346 0 149
v 344 0 151
v 344 0 158
v 346 0 160
v 346 0 164
v 347 0 165
v 357 0 165
v 362 0 170
v 362 0 172
v 372 0 182
v 372 0 186
v 376 0 190
v 376 0 191
t 0 1 2
t 0 2 3
t 3 4 5
t 5 6 7
t 7 8 9
t 7 9 10
t 12 13 14
t 14 15 16
t 14 16 17
t 17 18 19
t 17 19 20
t 17 20 21
t 22 23 24
t 24 25 26
t 26 27 28
t 29 30 31
t 31 32 33
t 33 34 35
t 36 37 38
t 36 38 39
t 36 39 40
t 36 40 41
t 36 41 42
t 36 42 43
t 36 43 44
t 36 44 45
t 36 45 46
t 36 46 47
t 47 48 49
t 49 50 51
t 51 52 53
t 54 55 56
t 54 56 57
t 54 57 58
t 58 59 60
t 58 60 61
t 58 61 62
t 58 62 63
t 58 63 64
t 65 66 67
t 65 67 68
t 65 68 69
t 69 70 71
t 71 72 73
t 71 73 74
t 71 74 75
t 71 75 76
t 71 76 77
t 71 77 78
t 71 78 79
t 71 79 80
t 71 80 81
t 83 84 85
t 83 85 86
t 87 88 89
t 87 89 90
t 87 90 91
t 87 91 92
t 92 93 94
t 95 96 97
t 98 99 100
t 101 102 103
t 101 103 104
t 101 104 105
t 101 105 106
t 101 106 107
t 101 107 108
t 101 108 0
t 101 0 3
t 101 3 5
t 101 5 7
t 101 7 10
t 101 10 11
t 101 11 12
t 101 12 14
t 101 14 17
t 101 17 21
t 101 21 22
t 101 22 24
t 101 24 26
t 101 26 28
t 101 28 29
t 101 29 31
t 101 31 33
t 35 36 47
t 35 47 49
t 35 49 51
t 35 51 53
t 53 54 58
t 53 58 64
t 53 64 65
t 53 65 69
t 69 71 81
t 82 83 86
t 86 87 92
t 86 92 94
t 86 94 95
t 86 95 97
t 100 101 33
t 33 35 53
t 33 53 69
t 33 69 81
t 33 81 82
t 33 82 86
t 33 86 97
t 33 97 98
t 33 98 100

