v 450 0 128
v 450 0 129
v 446 0 133
v 446 0 140
v 450 0 144
v 450 0 146
v 451 0 147
v 451 0 148
v 449 0 150
v 447 0 150
v 442 0 155
v 442 0 159
v 441 0 160
v 436 0 160
v 434 0 158
v 425 0 158
v 423 0 160
v 421 0 160
v 419 0 162
v 417 0 162
v 415 0 164
v 411 0 164
v 410 0 165
v 409 0 164
v 409 0 161
v 408 0 160
v 402 0 160
v 395 0 153
v 395 0 128
v 397 0 126
v 397 0 116
v 400 0 113
v 405 0 113
v 407 0 115
v 416 0 115
v 419 0 112
v 419 0 101
v 418 0 100
v 419 0 99
v 422 0 99
v 424 0 97
v 425 0 97
v 428 0 100
v 428 0 102
v 429 0 103
v 435 0 103
v 436 0 104
v 436 0 108
v 437 0 109
v 449 0 109
v 450 0 110
v 450 0 127
t 51 0 1
t 51 1 2
t 3 4 5
t 5 6 7
t 5 7 8
t 5 8 9
t 5 9 10
t 10 11 12
t 10 12 13
t 10 13 14
t 10 14 15
t 15 16 17
t 17 18 19
t 19 20 21
t 21 22 23
t 21 23 24
t 25 26 27
t 25 27 28
t 25 28 29
t 25 29 30
t 25 30 31
t 25 31 32
t 25 32 33
t 25 33 34
t 25 34 35
t 36 37 38
t 36 38 39
t 39 40 41
t 39 41 42
t 39 42 43
t 39 43 44
t 44 45 46
t 44 46 47
t 44 47 48
t 48 49 50
t 48 50 51
t 48 51 2
t 48 2 3
t 3 5 10
t 3 10 15
t 3 15 17
t 3 17 19
t 3 19 21
t 3 21 24
t 3 24 25
t 3 25 35
t 3 35 36
t 3 36 39
t 3 39 44
t 3 44 48

