v 506 0 144
v 507 0 144
v 508 0 143
v 508 0 139
v 509 0 138
v 516 0 138
v 518 0 140
v 519 0 140
v 524 0 135
v 524 0 134
v 522 0 132
v 522 0 130
v 520 0 128
v 520 0 125
v 522 0 123
v 522 0 120
v 518 0 116
v 518 0 114
v 514 0 110
v 514 0 106
v 507 0 99
v 505 0 99
v 504 0 98
v 504 0 96
v 499 0 91
v 498 0 91
v 493 0 96
v 493 0 98
v 490 0 101
v 480 0 101
v 479 0 102
v 479 0 107
v 483 0 111
v 483 0 115
v 486 0 118
v 488 0 118
v 489 0 119
v 489 0 125
v 493 0 129
v 493 0 141
v 494 0 142
v 504 0 142
v 505 0 143
t 42 0 1
t 42 1 2
t 42 2 3
t 5 6 7
t 5 7 8
t 5 8 9
t 5 9 10
t 5 10 11
t 5 11 12
t 5 12 13
t 13 14 15
t 13 15 16
t 16 17 18
t 18 19 20
t 18 20 21
t 18 21 22
t 22 23 24
t 22 24 25
t 22 25 26
t 22 26 27
t 22 27 28
t 28 29 30
t 28 30 31
t 28 31 32
t 28 32 33
t 28 33 34
t 28 34 35
t 28 35 36
t 28 36 37
t 28 37 38
t 38 39 40
t 38 40 41
t 38 41 42
t 38 42 3
t 38 3 4
t 38 4 5
t 38 5 13
t 38 13 16
t 38 16 18
t 38 18 22
t 38 22 28

