v 509 0 135
v 509 0 136
v 509 0 130
v 508 0 129
v 507 0 130
v 494 0 130
v 493 0 129
v 493 0 127
v 492 0 126
v 492 0 125
v 491 0 124
v 484 0 124
v 483 0 123
v 483 0 120
v 482 0 119
v 481 0 119
v 479 0 117
v 476 0 120
v 474 0 120
v 473 0 121
v 473 0 126
v 474 0 127
v 474 0 135
v 470 0 139
v 459 0 139
v 457 0 137
v 452 0 137
v 448 0 141
v 449 0 142
v 449 0 153
v 447 0 155
v 447 0 163
v 448 0 164
v 448 0 181
v 449 0 182
v 449 0 184
v 454 0 189
v 455 0 189
v 457 0 191
v 465 0 191
v 466 0 192
v 466 0 194
v 467 0 195
v 472 0 195
v 475 0 192
v 477 0 192
v 479 0 190
v 481 0 190
v 482 0 189
v 482 0 188
v 483 0 187
v 495 0 187
v 497 0 189
v 498 0 189
v 499 0 188
v 502 0 188
v 503 0 187
v 503 0 182
v 509 0 176
v 511 0 176
v 513 0 174
v 513 0 173
v 511 0 171
v 511 0 170
v 507 0 166
v 507 0 165
v 506 0 164
v 506 0 157
v 508 0 155
v 508 0 154
v 510 0 152
v 510 0 137
v 492 0 123
t 2 3 4
t 6 7 8
t 8 9 10
t 8 10 11
t 12 13 14
t 12 14 15
t 12 15 16
t 12 16 17
t 12 17 18
t 12 18 19
t 12 19 20
t 12 20 21
t 12 21 22
t 24 25 26
t 24 26 27
t 24 27 28
t 24 28 29
t 29 30 31
t 29 31 32
t 29 32 33
t 29 33 34
t 29 34 35
t 29 35 36
t 29 36 37
t 29 37 38
t 29 38 39
t 29 39 40
t 40 41 42
t 40 42 43
t 40 43 44
t 44 45 46
t 46 47 48
t 46 48 49
t 46 49 50
t 51 52 53
t 51 53 54
t 51 54 55
t 51 55 56
t 51 56 57
t 51 57 58
t 58 59 60
t 58 60 61
t 58 61 62
t 58 62 63
t 58 63 64
t 64 65 66
t 67 68 69
t 69 70 71
t 6 8 11
t 11 12 22
t 23 24 29
t 23 29 40
t 23 40 44
t 23 44 46
t 23 46 50
t 23 50 51
t 23 51 58
t 23 58 64
t 23 64 66
t 23 66 67
t 23 67 69
t 23 69 71
t 5 6 11
t 5 11 22
t 5 22 23
t 5 23 71
t 0 1 2
t 0 2 4
t 72 0 4
t 5 71 72
t 5 72 4

