v 390 0 112
v 390 0 121
v 389 0 122
v 387 0 122
v 386 0 123
v 386 0 132
v 387 0 133
v 389 0 133
v 391 0 135
v 391 0 136
v 389 0 138
v 383 0 138
v 381 0 140
v 379 0 140
v 378 0 141
v 378 0 147
v 377 0 148
v 372 0 148
v 370 0 146
v 366 0 146
v 362 0 142
v 360 0 142
v 357 0 139
v 357 0 129
v 356 0 128
v 346 0 128
v 344 0 126
v 335 0 126
v 333 0 128
v 326 0 128
v 325 0 127
v 325 0 122
v 328 0 119
v 334 0 119
v 335 0 118
v 335 0 104
v 337 0 102
v 337 0 96
v 338 0 95
v 348 0 95
v 349 0 94
v 350 0 94
v 355 0 99
v 357 0 99
v 361 0 103
v 372 0 103
v 374 0 101
v 375 0 101
v 377 0 103
v 379 0 103
v 385 0 109
v 390 0 109
v 391 0 110
v 390 0 111
t 0 1 2
t 0 2 3
t 0 3 4
t 6 7 8
t 6 8 9
t 6 9 10
t 6 10 11
t 6 11 12
t 6 12 13
t 14 15 16
t 14 16 17
t 14 17 18
t 14 18 19
t 14 19 20
t 14 20 21
t 14 21 22
t 14 22 23
t 14 23 24
t 24 25 26
t 27 28 29
t 27 29 30
t 27 30 31
t 27 31 32
t 27 32 33
t 27 33 34
t 27 34 35
t 27 35 36
t 36 37 38
t 36 38 39
t 39 40 41
t 39 41 42
t 42 43 44
t 45 46 47
t 45 47 48
t 45 48 49
t 45 49 50
t 50 51 52
t 50 52 53
t 50 53 0
t 50 0 4
t 50 4 5
t 5 6 13
t 5 13 14
t 5 14 24
t 5 24 26
t 26 27 36
t 26 36 39
t 26 39 42
t 26 42 44
t 26 44 45
t 26 45 50
t 26 50 5

