v 458 0 295
v 458 0 299
v 460 0 301
v 460 0 303
v 461 0 304
v 461 0 320
v 462 0 321
v 462 0 338
v 463 0 339
v 463 0 351
v 462 0 352
v 458 0 348
v 458 0 346
v 455 0 343
v 454 0 343
v 446 0 335
v 446 0 332
v 445 0 331
v 445 0 330
v 443 0 328
v 443 0 324
v 441 0 322
v 437 0 322
v 436 0 323
v 425 0 323
v 424 0 322
v 424 0 321
v 429 0 316
v 431 0 316
v 436 0 311
v 438 0 311
v 439 0 310
v 441 0 310
v 442 0 309
v 442 0 305
v 441 0 304
v 441 0 300
v 438 0 297
v 437 0 297
v 436 0 296
v 436 0 289
v 435 0 288
v 430 0 288
v 428 0 286
v 427 0 286
v 420 0 279
v 415 0 279
v 413 0 277
v 412 0 277
v 407 0 272
v 407 0 266
v 406 0 265
v 406 0 260
v 405 0 259
v 404 0 259
v 399 0 254
v 399 0 253
v 402 0 250
v 406 0 250
v 407 0 249
v 416 0 249
v 417 0 248
v 417 0 247
v 420 0 244
v 425 0 244
v 426 0 243
v 426 0 242
v 429 0 239
v 436 0 239
v 437 0 238
v 443 0 238
v 446 0 235
v 447 0 235
v 447 0 240
v 449 0 242
v 454 0 242
v 455 0 243
v 455 0 250
v 456 0 251
v 463 0 251
v 463 0 252
v 462 0 253
v 462 0 256
v 458 0 260
v 458 0 268
v 454 0 272
v 454 0 280
v 455 0 281
v 455 0 287
v 457 0 289
v 457 0 292
v 458 0 293
v 458 0 294
t 1 2 3
t 3 4 5
t 5 6 7
t 7 8 9
t 7 9 10
t 7 10 11
t 7 11 12
t 7 12 13
t 7 13 14
t 7 14 15
t 7 15 16
t 7 16 17
t 7 17 18
t 7 18 19
t 7 19 20
t 7 20 21
t 22 23 24
t 22 24 25
t 22 25 26
t 22 26 27
t 22 27 28
t 22 28 29
t 22 29 30
t 22 30 31
t 22 31 32
t 22 32 33
t 34 35 36
t 37 38 39
t 37 39 40
t 41 42 43
t 43 44 45
t 45 46 47
t 47 48 49
t 47 49 50
t 50 51 52
t 53 54 55
t 53 55 56
t 53 56 57
t 53 57 58
t 53 58 59
t 53 59 60
t 61 62 63
t 61 63 64
t 65 66 67
t 65 67 68
t 68 69 70
t 70 71 72
t 70 72 73
t 70 73 74
t 74 75 76
t 74 76 77
t 78 79 80
t 78 80 81
t 78 81 82
t 78 82 83
t 78 83 84
t 78 84 85
t 86 87 88
t 88 89 90
t 90 91 92
t 90 92 0
t 90 0 1
t 1 3 5
t 1 5 7
t 1 7 21
t 1 21 22
t 1 22 33
t 1 33 34
t 1 34 36
t 1 36 37
t 1 37 40
t 1 40 41
t 41 43 45
t 45 47 50
t 45 50 52
t 52 53 60
t 52 60 61
t 52 61 64
t 64 65 68
t 64 68 70
t 64 70 74
t 64 74 77
t 64 77 78
t 64 78 85
t 64 85 86
t 64 86 88
t 64 88 90
t 64 90 1
t 64 1 41
t 64 41 45
t 64 45 52

