v 434 0 272
v 434 0 276
v 436 0 278
v 436 0 281
v 432 0 285
v 432 0 300
v 438 0 306
v 438 0 307
v 437 0 308
v 433 0 308
v 432 0 309
v 432 0 313
v 431 0 314
v 428 0 314
v 424 0 310
v 422 0 310
v 419 0 307
v 419 0 305
v 416 0 302
v 410 0 302
v 409 0 301
v 409 0 295
v 405 0 291
v 405 0 269
v 403 0 267
v 403 0 258
v 405 0 256
v 405 0 245
v 403 0 243
v 403 0 238
v 404 0 237
v 409 0 237
v 411 0 239
v 413 0 239
v 415 0 241
v 425 0 241
v 427 0 243
v 429 0 243
v 434 0 248
v 434 0 257
v 432 0 259
v 432 0 270
v 433 0 271
v 434 0 271
t 1 2 3
t 1 3 4
t 5 6 7
t 5 7 8
t 5 8 9
t 5 9 10
t 10 11 12
t 10 12 13
t 10 13 14
t 10 14 15
t 10 15 16
t 10 16 17
t 10 17 18
t 18 19 20
t 18 20 21
t 18 21 22
t 18 22 23
t 23 24 25
t 23 25 26
t 23 26 27
t 27 28 29
t 27 29 30
t 27 30 31
t 27 31 32
t 27 32 33
t 27 33 34
t 27 34 35
t 27 35 36
t 27 36 37
t 27 37 38
t 27 38 39
t 27 39 40
t 27 40 41
t 27 41 42
t 42 43 0
t 42 0 1
t 42 1 4
t 5 10 18
t 5 18 23
t 5 23 27
t 27 42 4
t 27 4 5

