v 600 0 448
v 598 0 448
v 596 0 446
v 579 0 446
v 576 0 449
v 576 0 451
v 574 0 453
v 574 0 455
v 569 0 460
v 565 0 460
v 563 0 462
v 561 0 462
v 559 0 464
v 541 0 464
v 540 0 465
v 540 0 467
v 538 0 469
v 538 0 471
v 536 0 473
v 536 0 475
v 531 0 480
v 531 0 481
v 530 0 482
v 530 0 483
v 527 0 486
v 527 0 488
v 517 0 498
v 516 0 498
v 514 0 500
v 513 0 500
v 507 0 506
v 497 0 506
v 495 0 508
v 494 0 508
v 492 0 506
v 490 0 506
v 483 0 499
v 483 0 498
v 486 0 495
v 487 0 495
v 489 0 497
v 496 0 497
v 497 0 496
v 497 0 494
v 502 0 489
v 509 0 489
v 511 0 491
v 516 0 491
v 517 0 490
v 519 0 490
v 522 0 487
v 522 0 485
v 524 0 483
v 524 0 480
v 525 0 479
v 525 0 473
v 524 0 472
v 525 0 471
v 525 0 441
v 524 0 440
v 522 0 440
v 515 0 433
v 515 0 431
v 514 0 430
v 512 0 430
v 511 0 429
v 511 0 428
v 517 0 422
v 517 0 417
v 518 0 416
v 519 0 417
v 522 0 417
v 534 0 405
v 560 0 405
v 564 0 401
v 566 0 401
v 568 0 399
v 578 0 399
v 585 0 392
v 586 0 392
v 591 0 397
v 598 0 397
v 599 0 398
v 596 0 401
v 596 0 418
v 599 0 421
v 609 0 421
v 616 0 428
v 616 0 451
v 612 0 455
v 612 0 460
v 611 0 461
v 601 0 451
v 601 0 449
t 0 1 2
t 4 5 6
t 6 7 8
t 6 8 9
t 9 10 11
t 11 12 13
t 14 15 16
t 16 17 18
t 18 19 20
t 20 21 22
t 22 23 24
t 24 25 26
t 24 26 27
t 24 27 28
t 24 28 29
t 29 30 31
t 31 32 33
t 31 33 34
t 34 35 36
t 34 36 37
t 34 37 38
t 34 38 39
t 34 39 40
t 34 40 41
t 34 41 42
t 42 43 44
t 42 44 45
t 42 45 46
t 42 46 47
t 47 48 49
t 50 51 52
t 52 53 54
t 55 56 57
t 55 57 58
t 59 60 61
t 59 61 62
t 63 64 65
t 63 65 66
t 63 66 67
t 67 68 69
t 67 69 70
t 67 70 71
t 71 72 73
t 73 74 75
t 75 76 77
t 77 78 79
t 77 79 80
t 77 80 81
t 77 81 82
t 77 82 83
t 77 83 84
t 85 86 87
t 85 87 88
t 85 88 89
t 85 89 90
t 85 90 91
t 91 92 93
t 4 6 9
t 4 9 11
t 4 11 13
t 16 18 20
t 20 22 24
t 20 24 29
t 29 31 34
t 29 34 42
t 29 42 47
t 29 47 49
t 29 49 50
t 54 55 58
t 62 63 67
t 62 67 71
t 62 71 73
t 73 75 77
t 73 77 84
t 73 84 85
t 85 91 93
t 85 93 0
t 85 0 2
t 85 2 3
t 85 3 4
t 85 4 13
t 14 16 20
t 14 20 29
t 14 29 50
t 14 50 52
t 14 52 54
t 14 54 58
t 59 62 73
t 59 73 85
t 13 14 58
t 58 59 85
t 58 85 13

