v 400 0 256
v 400 0 298
v 399 0 299
v 400 0 300
v 401 0 299
v 398 0 298
v 395 0 295
v 395 0 293
v 385 0 283
v 385 0 279
v 383 0 277
v 383 0 273
v 382 0 272
v 368 0 272
v 367 0 271
v 367 0 270
v 372 0 265
v 374 0 265
v 378 0 261
v 382 0 261
v 383 0 260
v 383 0 253
v 379 0 249
v 379 0 243
v 378 0 242
v 374 0 242
v 366 0 234
v 362 0 234
v 355 0 227
v 355 0 217
v 349 0 211
v 349 0 210
v 352 0 207
v 364 0 207
v 368 0 203
v 372 0 203
v 376 0 199
v 388 0 199
v 391 0 196
v 392 0 196
v 392 0 202
v 393 0 203
v 397 0 203
v 398 0 204
v 398 0 210
v 399 0 211
v 404 0 211
v 405 0 212
v 404 0 213
v 404 0 215
v 400 0 219
v 400 0 225
v 396 0 229
v 396 0 242
v 398 0 244
v 398 0 252
v 400 0 254
v 400 0 255
t 5 6 7
t 7 8 9
t 9 10 11
t 12 13 14
t 12 14 15
t 12 15 16
t 12 16 17
t 12 17 18
t 12 18 19
t 12 19 20
t 21 22 23
t 24 25 26
t 26 27 28
t 26 28 29
t 29 30 31
t 29 31 32
t 29 32 33
t 29 33 34
t 29 34 35
t 35 36 37
t 37 38 39
t 37 39 40
t 37 40 41
t 41 42 43
t 41 43 44
t 45 46 47
t 45 47 48
t 45 48 49
t 45 49 50
t 45 50 51
t 45 51 52
t 53 54 55
t 55 56 57
t 55 57 0
t 55 0 1
t 7 9 11
t 11 12 20
t 11 20 21
t 24 26 29
t 24 29 35
t 24 35 37
t 24 37 41
t 24 41 44
t 24 44 45
t 24 45 52
t 24 52 53
t 24 53 55
t 7 11 21
t 23 24 55
t 5 7 21
t 21 23 55
t 21 55 1
t 5 21 1
t 1 2 3
t 1 3 4
t 1 4 5

