v 286 0 208
v 285 0 208
v 292 0 214
v 292 0 224
v 293 0 225
v 295 0 225
v 302 0 232
v 302 0 236
v 304 0 238
v 304 0 242
v 310 0 248
v 310 0 250
v 312 0 252
v 312 0 253
v 310 0 255
v 310 0 261
v 299 0 272
v 295 0 272
v 289 0 278
v 287 0 278
v 283 0 282
v 277 0 282
v 265 0 294
v 258 0 294
v 253 0 289
v 253 0 287
v 252 0 286
v 241 0 286
v 233 0 294
v 231 0 294
v 229 0 296
v 227 0 296
v 225 0 298
v 223 0 298
v 221 0 300
v 208 0 300
v 206 0 298
v 184 0 298
v 182 0 296
v 180 0 296
v 176 0 292
v 176 0 291
v 183 0 284
v 183 0 261
v 182 0 260
v 171 0 260
v 169 0 262
v 166 0 262
v 165 0 261
v 165 0 237
v 163 0 235
v 163 0 234
v 165 0 232
v 165 0 230
v 170 0 225
v 180 0 225
v 181 0 224
v 181 0 222
v 188 0 215
v 190 0 215
v 192 0 213
v 196 0 213
v 198 0 211
v 200 0 211
v 202 0 209
v 204 0 209
v 206 0 207
v 207 0 207
v 209 0 209
v 222 0 209
v 227 0 204
v 227 0 200
v 230 0 197
v 231 0 197
v 233 0 199
v 243 0 199
v 246 0 202
v 246 0 206
v 248 0 208
v 248 0 210
v 250 0 212
v 250 0 216
v 252 0 218
v 252 0 224
v 253 0 225
v 264 0 225
v 280 0 209
v 284 0 209
t 1 2 3
t 4 5 6
t 4 6 7
t 7 8 9
t 9 10 11
t 11 12 13
t 11 13 14
t 14 15 16
t 14 16 17
t 14 17 18
t 14 18 19
t 19 20 21
t 21 22 23
t 21 23 24
t 21 24 25
t 21 25 26
t 21 26 27
t 27 28 29
t 29 30 31
t 31 32 33
t 33 34 35
t 33 35 36
t 36 37 38
t 38 39 40
t 38 40 41
t 38 41 42
t 45 46 47
t 45 47 48
t 45 48 49
t 49 50 51
t 49 51 52
t 49 52 53
t 49 53 54
t 49 54 55
t 56 57 58
t 56 58 59
t 56 59 60
t 56 60 61
t 61 62 63
t 63 64 65
t 65 66 67
t 65 67 68
t 65 68 69
t 70 71 72
t 70 72 73
t 70 73 74
t 70 74 75
t 70 75 76
t 70 76 77
t 70 77 78
t 70 78 79
t 70 79 80
t 70 80 81
t 70 81 82
t 70 82 83
t 70 83 84
t 85 86 87
t 3 4 7
t 3 7 9
t 9 11 14
t 9 14 19
t 9 19 21
t 9 21 27
t 27 29 31
t 27 31 33
t 27 33 36
t 27 36 38
t 27 38 42
t 27 42 43
t 27 43 44
t 44 45 49
t 44 49 55
t 44 55 56
t 44 56 61
t 44 61 63
t 44 63 65
t 44 65 69
t 44 69 70
t 44 70 84
t 44 84 85
t 3 9 27
t 3 27 44
t 3 44 85
t 3 85 87
t 1 3 87
t 1 87 0

