v 381 0 160
v 381 0 161
v 381 0 159
v 382 0 158
v 382 0 157
v 385 0 154
v 391 0 154
v 392 0 153
v 392 0 144
v 391 0 143
v 388 0 143
v 381 0 150
v 381 0 152
v 380 0 153
v 373 0 153
v 371 0 151
v 365 0 151
v 363 0 149
v 358 0 149
v 356 0 151
v 354 0 151
v 349 0 156
v 349 0 161
v 350 0 162
v 364 0 162
v 375 0 173
v 375 0 177
v 381 0 183
v 381 0 187
v 383 0 189
v 384 0 189
v 385 0 188
v 393 0 188
v 397 0 184
v 397 0 183
v 391 0 177
v 389 0 177
v 387 0 175
v 381 0 175
v 380 0 174
v 380 0 162
t 0 1 2
t 2 3 4
t 5 6 7
t 5 7 8
t 5 8 9
t 5 9 10
t 5 10 11
t 5 11 12
t 5 12 13
t 5 13 14
t 14 15 16
t 16 17 18
t 16 18 19
t 16 19 20
t 16 20 21
t 16 21 22
t 16 22 23
t 16 23 24
t 16 24 25
t 25 26 27
t 27 28 29
t 27 29 30
t 27 30 31
t 27 31 32
t 27 32 33
t 27 33 34
t 27 34 35
t 27 35 36
t 27 36 37
t 27 37 38
t 27 38 39
t 40 0 2
t 4 5 14
t 4 14 16
t 16 25 27
t 16 27 39
t 16 39 40
t 16 40 2
t 16 2 4

