v 192 0 208
v 189 0 208
v 187 0 210
v 183 0 210
v 181 0 212
v 179 0 212
v 176 0 215
v 176 0 217
v 175 0 218
v 165 0 218
v 160 0 223
v 160 0 225
v 156 0 229
v 156 0 240
v 158 0 242
v 158 0 244
v 159 0 245
v 159 0 246
v 158 0 247
v 158 0 260
v 159 0 261
v 159 0 262
v 153 0 268
v 147 0 268
v 145 0 270
v 144 0 270
v 142 0 268
v 130 0 268
v 128 0 266
v 126 0 266
v 124 0 264
v 105 0 264
v 103 0 266
v 96 0 266
v 94 0 264
v 87 0 264
v 86 0 265
v 86 0 267
v 85 0 268
v 77 0 268
v 75 0 270
v 62 0 270
v 55 0 263
v 55 0 261
v 54 0 260
v 46 0 260
v 39 0 253
v 39 0 248
v 41 0 246
v 41 0 233
v 40 0 232
v 32 0 232
v 31 0 231
v 31 0 222
v 36 0 217
v 38 0 217
v 54 0 201
v 62 0 201
v 84 0 179
v 86 0 179
v 87 0 178
v 87 0 176
v 92 0 171
v 94 0 171
v 102 0 163
v 106 0 163
v 114 0 155
v 122 0 155
v 124 0 153
v 142 0 153
v 143 0 152
v 144 0 152
v 145 0 153
v 160 0 153
v 162 0 151
v 164 0 151
v 166 0 149
v 168 0 149
v 170 0 147
v 174 0 147
v 179 0 142
v 179 0 136
v 186 0 129
v 189 0 129
v 199 0 139
v 205 0 139
v 207 0 141
v 209 0 141
v 211 0 143
v 213 0 143
v 215 0 145
v 238 0 145
v 241 0 142
v 242 0 142
v 242 0 146
v 243 0 147
v 254 0 147
v 257 0 144
v 257 0 140
v 258 0 139
v 259 0 140
v 260 0 140
v 261 0 141
v 263 0 141
v 264 0 142
v 264 0 151
v 262 0 153
v 262 0 171
v 260 0 173
v 260 0 175
v 258 0 177
v 258 0 185
v 254 0 189
v 254 0 191
v 252 0 193
v 252 0 195
v 250 0 197
v 249 0 196
v 249 0 195
v 248 0 194
v 246 0 194
v 244 0 192
v 241 0 192
v 239 0 194
v 238 0 194
v 236 0 192
v 225 0 192
v 218 0 199
v 218 0 201
v 215 0 204
v 201 0 204
v 199 0 206
v 193 0 206
v 192 0 207
t 133 0 1
t 1 2 3
t 3 4 5
t 6 7 8
t 6 8 9
t 10 11 12
t 13 14 15
t 15 16 17
t 15 17 18
t 19 20 21
t 19 21 22
t 19 22 23
t 23 24 25
t 23 25 26
t 26 27 28
t 28 29 30
t 31 32 33
t 31 33 34
t 36 37 38
t 36 38 39
t 39 40 41
t 39 41 42
t 39 42 43
t 39 43 44
t 44 45 46
t 44 46 47
t 44 47 48
t 44 48 49
t 50 51 52
t 50 52 53
t 50 53 54
t 50 54 55
t 50 55 56
t 50 56 57
t 50 57 58
t 50 58 59
t 50 59 60
t 60 61 62
t 60 62 63
t 63 64 65
t 65 66 67
t 67 68 69
t 69 70 71
t 69 71 72
t 69 72 73
t 73 74 75
t 75 76 77
t 77 78 79
t 80 81 82
t 80 82 83
t 80 83 84
t 80 84 85
t 80 85 86
t 80 86 87
t 80 87 88
t 88 89 90
t 91 92 93
t 91 93 94
t 91 94 95
t 97 98 99
t 97 99 100
t 97 100 101
t 97 101 102
t 97 102 103
t 97 103 104
t 97 104 105
t 97 105 106
t 97 106 107
t 97 107 108
t 97 108 109
t 97 109 110
t 97 110 111
t 97 111 112
t 112 113 114
t 114 115 116
t 114 116 117
t 114 117 118
t 114 118 119
t 114 119 120
t 114 120 121
t 122 123 124
t 122 124 125
t 127 128 129
t 127 129 130
t 130 131 132
t 132 133 1
t 132 1 3
t 5 6 9
t 13 15 18
t 13 18 19
t 13 19 23
t 13 23 26
t 13 26 28
t 13 28 30
t 13 30 31
t 13 31 34
t 13 34 35
t 35 36 39
t 35 39 44
t 35 44 49
t 35 49 50
t 35 50 60
t 35 60 63
t 35 63 65
t 35 65 67
t 35 67 69
t 35 69 73
t 35 73 75
t 35 75 77
t 35 77 79
t 35 79 80
t 35 80 88
t 35 88 90
t 35 90 91
t 35 91 95
t 35 95 96
t 96 97 112
t 96 112 114
t 96 114 121
t 96 121 122
t 96 122 125
t 96 125 126
t 96 126 127
t 96 127 130
t 96 130 132
t 96 132 3
t 96 3 5
t 96 5 9
t 12 13 35
t 35 96 9
t 35 9 10
t 35 10 12

