v 430 0 80
v 431 0 81
v 431 0 91
v 433 0 93
v 433 0 95
v 436 0 98
v 440 0 98
v 446 0 104
v 451 0 104
v 453 0 102
v 455 0 102
v 456 0 101
v 456 0 100
v 454 0 98
v 454 0 91
v 455 0 90
v 466 0 90
v 468 0 92
v 480 0 92
v 483 0 95
v 484 0 95
v 488 0 91
v 488 0 87
v 491 0 84
v 490 0 83
v 489 0 83
v 477 0 71
v 463 0 71
v 459 0 67
v 458 0 67
v 454 0 71
v 449 0 71
v 448 0 70
v 448 0 62
v 447 0 61
v 441 0 61
v 435 0 55
v 433 0 55
v 431 0 53
v 421 0 53
v 417 0 49
v 415 0 49
v 413 0 47
v 411 0 47
v 409 0 45
v 407 0 45
v 406 0 44
v 405 0 45
v 405 0 49
v 406 0 50
v 410 0 50
v 415 0 55
v 415 0 57
v 420 0 62
v 422 0 62
v 423 0 63
v 423 0 69
v 425 0 71
v 425 0 73
v 427 0 75
v 427 0 77
v 429 0 79
v 406 0 43
t 1 2 3
t 3 4 5
t 3 5 6
t 6 7 8
t 6 8 9
t 6 9 10
t 6 10 11
t 6 11 12
t 6 12 13
t 6 13 14
t 6 14 15
t 16 17 18
t 18 19 20
t 18 20 21
t 18 21 22
t 18 22 23
t 18 23 24
t 18 24 25
t 18 25 26
t 18 26 27
t 18 27 28
t 18 28 29
t 18 29 30
t 18 30 31
t 32 33 34
t 32 34 35
t 32 35 36
t 32 36 37
t 37 38 39
t 39 40 41
t 41 42 43
t 45 46 47
t 45 47 48
t 45 48 49
t 45 49 50
t 45 50 51
t 51 52 53
t 51 53 54
t 55 56 57
t 57 58 59
t 1 3 6
t 1 6 15
t 1 15 16
t 1 16 18
t 1 18 31
t 1 31 32
t 1 32 37
t 1 37 39
t 39 41 43
t 44 45 51
t 44 51 54
t 44 54 55
t 55 57 59
t 0 1 39
t 43 44 55
t 39 43 55
t 39 55 59
t 0 39 59
t 61 62 0
t 61 0 59
t 61 59 60

