v 358 0 288
v 358 0 289
v 356 0 291
v 356 0 292
v 355 0 293
v 351 0 289
v 351 0 287
v 349 0 285
v 349 0 277
v 348 0 276
v 346 0 276
v 342 0 272
v 341 0 272
v 340 0 271
v 343 0 268
v 343 0 254
v 353 0 244
v 354 0 244
v 354 0 246
v 355 0 247
v 359 0 247
v 360 0 248
v 360 0 249
v 356 0 253
v 356 0 266
v 362 0 272
v 362 0 275
v 358 0 279
v 358 0 287
t 0 1 2
t 2 3 4
t 2 4 5
t 2 5 6
t 2 6 7
t 2 7 8
t 9 10 11
t 11 12 13
t 11 13 14
t 14 15 16
t 14 16 17
t 14 17 18
t 14 18 19
t 14 19 20
t 14 20 21
t 21 22 23
t 24 25 26
t 24 26 27
t 24 27 28
t 24 28 0
t 24 0 2
t 24 2 8
t 24 8 9
t 24 9 11
t 24 11 14
t 14 21 23
t 14 23 24

