v 422 0 80
v 422 0 84
v 426 0 88
v 426 0 89
v 425 0 90
v 421 0 90
v 414 0 97
v 414 0 107
v 412 0 109
v 411 0 109
v 410 0 108
v 404 0 108
v 402 0 106
v 398 0 106
v 396 0 104
v 392 0 104
v 386 0 98
v 384 0 98
v 382 0 96
v 366 0 96
v 364 0 94
v 362 0 94
v 356 0 88
v 339 0 88
v 338 0 87
v 341 0 84
v 341 0 80
v 342 0 79
v 347 0 79
v 351 0 83
v 354 0 83
v 355 0 82
v 355 0 71
v 354 0 70
v 355 0 69
v 358 0 69
v 360 0 67
v 362 0 67
v 363 0 66
v 363 0 58
v 368 0 53
v 370 0 53
v 372 0 51
v 390 0 51
v 392 0 49
v 393 0 49
v 395 0 51
v 397 0 51
v 401 0 55
v 403 0 55
v 410 0 62
v 410 0 66
v 411 0 67
v 413 0 67
v 418 0 72
v 418 0 76
v 421 0 79
v 422 0 79
t 1 2 3
t 1 3 4
t 1 4 5
t 1 5 6
t 6 7 8
t 6 8 9
t 6 9 10
t 6 10 11
t 6 11 12
t 6 12 13
t 6 13 14
t 6 14 15
t 6 15 16
t 6 16 17
t 6 17 18
t 18 19 20
t 20 21 22
t 22 23 24
t 22 24 25
t 22 25 26
t 22 26 27
t 27 28 29
t 32 33 34
t 32 34 35
t 35 36 37
t 38 39 40
t 38 40 41
t 38 41 42
t 38 42 43
t 43 44 45
t 43 45 46
t 43 46 47
t 43 47 48
t 48 49 50
t 48 50 51
t 52 53 54
t 52 54 55
t 56 57 0
t 56 0 1
t 56 1 6
t 56 6 18
t 56 18 20
t 56 20 22
t 22 27 29
t 22 29 30
t 22 30 31
t 22 31 32
t 22 32 35
t 22 35 37
t 22 37 38
t 22 38 43
t 22 43 48
t 22 48 51
t 22 51 52
t 22 52 55
t 22 55 56

