v 283 0 128
v 284 0 128
v 284 0 127
v 288 0 123
v 288 0 121
v 299 0 110
v 314 0 110
v 315 0 111
v 315 0 123
v 317 0 125
v 318 0 124
v 318 0 115
v 319 0 114
v 328 0 114
v 329 0 113
v 328 0 112
v 328 0 97
v 330 0 95
v 330 0 83
v 331 0 82
v 337 0 82
v 338 0 81
v 338 0 77
v 339 0 76
v 346 0 76
v 347 0 75
v 345 0 73
v 335 0 73
v 327 0 65
v 299 0 65
v 292 0 58
v 292 0 51
v 291 0 50
v 293 0 48
v 292 0 47
v 291 0 48
v 290 0 51
v 281 0 51
v 280 0 50
v 279 0 50
v 275 0 54
v 275 0 56
v 274 0 57
v 270 0 57
v 268 0 59
v 268 0 60
v 269 0 61
v 269 0 70
v 268 0 71
v 266 0 71
v 261 0 76
v 261 0 86
v 260 0 87
v 251 0 87
v 249 0 85
v 248 0 85
v 247 0 86
v 247 0 87
v 251 0 91
v 251 0 93
v 253 0 95
v 253 0 97
v 258 0 102
v 260 0 102
v 261 0 103
v 261 0 109
v 263 0 111
v 263 0 132
v 262 0 133
v 260 0 133
v 259 0 134
v 260 0 135
v 263 0 135
v 264 0 136
v 265 0 136
v 266 0 137
v 270 0 137
v 271 0 136
v 273 0 136
v 274 0 135
v 274 0 133
v 275 0 132
v 279 0 132
v 282 0 129
t 0 1 2
t 2 3 4
t 7 8 9
t 7 9 10
t 7 10 11
t 7 11 12
t 7 12 13
t 7 13 14
t 7 14 15
t 7 15 16
t 16 17 18
t 19 20 21
t 19 21 22
t 19 22 23
t 23 24 25
t 23 25 26
t 23 26 27
t 27 28 29
t 30 31 32
t 32 33 34
t 32 34 35
t 32 35 36
t 37 38 39
t 37 39 40
t 37 40 41
t 37 41 42
t 42 43 44
t 42 44 45
t 42 45 46
t 42 46 47
t 48 49 50
t 48 50 51
t 53 54 55
t 53 55 56
t 53 56 57
t 53 57 58
t 53 58 59
t 53 59 60
t 60 61 62
t 60 62 63
t 64 65 66
t 68 69 70
t 68 70 71
t 68 71 72
t 68 72 73
t 68 73 74
t 74 75 76
t 74 76 77
t 77 78 79
t 77 79 80
t 81 82 83
t 81 83 0
t 81 0 2
t 81 2 4
t 81 4 5
t 6 7 16
t 6 16 18
t 19 23 27
t 19 27 29
t 30 32 36
t 30 36 37
t 30 37 42
t 30 42 47
t 30 47 48
t 30 48 51
t 30 51 52
t 52 53 60
t 52 60 63
t 52 63 64
t 52 64 66
t 67 68 74
t 67 74 77
t 67 77 80
t 67 80 81
t 67 81 5
t 5 6 18
t 5 18 19
t 5 19 29
t 5 29 30
t 5 30 52
t 5 52 66
t 5 66 67

