v 504 0 432
v 504 0 434
v 505 0 435
v 507 0 435
v 510 0 438
v 510 0 440
v 513 0 443
v 515 0 443
v 520 0 448
v 520 0 458
v 522 0 460
v 522 0 479
v 520 0 481
v 520 0 483
v 517 0 486
v 512 0 486
v 508 0 482
v 497 0 482
v 494 0 485
v 494 0 491
v 493 0 492
v 492 0 492
v 490 0 490
v 479 0 490
v 478 0 491
v 477 0 490
v 477 0 481
v 475 0 479
v 475 0 477
v 473 0 475
v 473 0 473
v 471 0 471
v 471 0 455
v 462 0 446
v 453 0 446
v 451 0 448
v 449 0 448
v 448 0 449
v 447 0 448
v 447 0 439
v 445 0 437
v 445 0 433
v 443 0 431
v 443 0 428
v 444 0 427
v 453 0 427
v 455 0 429
v 476 0 429
v 482 0 423
v 484 0 423
v 485 0 422
v 485 0 411
v 484 0 410
v 474 0 410
v 470 0 406
v 468 0 406
v 464 0 402
v 454 0 402
v 453 0 401
v 453 0 391
v 451 0 389
v 451 0 387
v 450 0 386
v 444 0 386
v 434 0 376
v 412 0 376
v 409 0 373
v 409 0 372
v 411 0 370
v 411 0 357
v 410 0 356
v 408 0 356
v 397 0 345
v 397 0 343
v 392 0 338
v 362 0 338
v 360 0 336
v 358 0 336
v 356 0 334
v 354 0 334
v 346 0 326
v 331 0 326
v 327 0 330
v 313 0 330
v 311 0 332
v 309 0 332
v 307 0 334
v 305 0 334
v 299 0 340
v 297 0 340
v 295 0 342
v 265 0 342
v 264 0 341
v 265 0 340
v 265 0 332
v 267 0 330
v 267 0 328
v 269 0 326
v 269 0 322
v 270 0 321
v 276 0 321
v 277 0 320
v 278 0 320
v 279 0 321
v 286 0 321
v 287 0 320
v 287 0 310
v 292 0 305
v 294 0 305
v 297 0 302
v 297 0 300
v 302 0 295
v 303 0 295
v 304 0 296
v 304 0 298
v 305 0 299
v 316 0 299
v 317 0 298
v 318 0 298
v 321 0 301
v 330 0 301
v 331 0 300
v 331 0 289
v 327 0 285
v 327 0 283
v 325 0 281
v 325 0 280
v 328 0 277
v 335 0 277
v 337 0 279
v 339 0 279
v 342 0 282
v 342 0 284
v 344 0 286
v 344 0 294
v 346 0 296
v 346 0 298
v 349 0 301
v 356 0 301
v 358 0 299
v 362 0 299
v 363 0 298
v 363 0 287
v 362 0 286
v 362 0 285
v 364 0 283
v 366 0 283
v 370 0 279
v 374 0 279
v 376 0 277
v 377 0 277
v 378 0 278
v 378 0 284
v 380 0 286
v 380 0 292
v 385 0 297
v 387 0 297
v 393 0 303
v 397 0 303
v 399 0 305
v 403 0 305
v 405 0 307
v 407 0 307
v 414 0 314
v 414 0 316
v 415 0 317
v 417 0 317
v 419 0 319
v 427 0 319
v 430 0 322
v 430 0 334
v 432 0 336
v 432 0 338
v 434 0 340
v 434 0 342
v 436 0 344
v 436 0 346
v 437 0 347
v 444 0 347
v 445 0 346
v 445 0 342
v 448 0 339
v 449 0 339
v 453 0 343
v 455 0 343
v 460 0 348
v 460 0 352
v 461 0 353
v 463 0 353
v 465 0 355
v 474 0 355
v 481 0 348
v 481 0 340
v 482 0 339
v 487 0 339
v 488 0 340
v 488 0 350
v 491 0 353
v 494 0 353
v 496 0 351
v 497 0 351
v 507 0 361
v 511 0 361
v 514 0 364
v 514 0 366
v 515 0 367
v 522 0 367
v 523 0 368
v 522 0 369
v 522 0 377
v 517 0 382
v 509 0 382
v 508 0 383
v 508 0 385
v 506 0 387
v 506 0 395
v 500 0 401
v 500 0 410
v 501 0 411
v 509 0 411
v 511 0 413
v 511 0 414
v 508 0 417
v 508 0 419
v 504 0 423
v 504 0 431
t 2 3 4
t 2 4 5
t 6 7 8
t 6 8 9
t 9 10 11
t 9 11 12
t 12 13 14
t 12 14 15
t 12 15 16
t 12 16 17
t 18 19 20
t 18 20 21
t 18 21 22
t 18 22 23
t 23 24 25
t 23 25 26
t 26 27 28
t 28 29 30
t 30 31 32
t 34 35 36
t 36 37 38
t 36 38 39
t 39 40 41
t 41 42 43
t 41 43 44
t 41 44 45
t 41 45 46
t 41 46 47
t 47 48 49
t 52 53 54
t 54 55 56
t 56 57 58
t 56 58 59
t 56 59 60
t 56 60 61
t 62 63 64
t 64 65 66
t 64 66 67
t 64 67 68
t 64 68 69
t 64 69 70
t 70 71 72
t 70 72 73
t 70 73 74
t 74 75 76
t 76 77 78
t 78 79 80
t 81 82 83
t 83 84 85
t 85 86 87
t 87 88 89
t 89 90 91
t 89 91 92
t 89 92 93
t 89 93 94
t 89 94 95
t 89 95 96
t 89 96 97
t 89 97 98
t 89 98 99
t 89 99 100
t 89 100 101
t 89 101 102
t 89 102 103
t 89 103 104
t 89 104 105
t 89 105 106
t 89 106 107
t 89 107 108
t 89 108 109
t 89 109 110
t 89 110 111
t 89 111 112
t 89 112 113
t 89 113 114
t 89 114 115
t 89 115 116
t 89 116 117
t 89 117 118
t 89 118 119
t 89 119 120
t 89 120 121
t 122 123 124
t 124 125 126
t 124 126 127
t 124 127 128
t 124 128 129
t 124 129 130
t 124 130 131
t 124 131 132
t 124 132 133
t 124 133 134
t 124 134 135
t 124 135 136
t 124 136 137
t 138 139 140
t 142 143 144
t 142 144 145
t 142 145 146
t 142 146 147
t 142 147 148
t 148 149 150
t 148 150 151
t 148 151 152
t 152 153 154
t 155 156 157
t 157 158 159
t 159 160 161
t 161 162 163
t 161 163 164
t 165 166 167
t 167 168 169
t 167 169 170
t 170 171 172
t 172 173 174
t 174 175 176
t 179 180 181
t 179 181 182
t 179 182 183
t 179 183 184
t 179 184 185
t 179 185 186
t 179 186 187
t 187 188 189
t 191 192 193
t 191 193 194
t 191 194 195
t 191 195 196
t 191 196 197
t 198 199 200
t 198 200 201
t 201 202 203
t 201 203 204
t 201 204 205
t 205 206 207
t 205 207 208
t 205 208 209
t 205 209 210
t 205 210 211
t 205 211 212
t 212 213 214
t 214 215 216
t 218 219 220
t 218 220 221
t 218 221 222
t 218 222 223
t 218 223 224
t 218 224 225
t 218 225 0
t 218 0 1
t 5 6 9
t 5 9 12
t 5 12 17
t 5 17 18
t 5 18 23
t 5 23 26
t 5 26 28
t 5 28 30
t 5 30 32
t 5 32 33
t 5 33 34
t 34 36 39
t 34 39 41
t 34 41 47
t 52 54 56
t 52 56 61
t 52 61 62
t 62 64 70
t 62 70 74
t 74 76 78
t 74 78 80
t 87 89 121
t 122 124 137
t 141 142 148
t 141 148 152
t 141 152 154
t 141 154 155
t 141 155 157
t 141 157 159
t 141 159 161
t 141 161 164
t 141 164 165
t 141 165 167
t 141 167 170
t 141 170 172
t 141 172 174
t 141 174 176
t 141 176 177
t 178 179 187
t 178 187 189
t 190 191 197
t 190 197 198
t 190 198 201
t 190 201 205
t 190 205 212
t 190 212 214
t 190 214 216
t 190 216 217
t 217 218 1
t 2 5 34
t 2 34 47
t 2 47 49
t 2 49 50
t 52 62 74
t 85 87 121
t 121 122 137
t 140 141 177
t 177 178 189
t 189 190 217
t 189 217 1
t 1 2 50
t 1 50 51
t 83 85 121
t 83 121 137
t 83 137 138
t 83 138 140
t 177 189 1
t 177 1 51
t 177 51 52
t 177 52 74
t 177 74 80
t 81 83 140
t 140 177 80
t 140 80 81

