v 355 0 151
v 355 0 152
v 355 0 145
v 357 0 143
v 367 0 143
v 368 0 142
v 366 0 140
v 366 0 123
v 368 0 121
v 368 0 117
v 367 0 116
v 367 0 106
v 368 0 105
v 375 0 105
v 376 0 104
v 376 0 99
v 377 0 98
v 382 0 98
v 383 0 97
v 384 0 97
v 385 0 96
v 384 0 95
v 372 0 95
v 370 0 93
v 369 0 93
v 363 0 87
v 351 0 87
v 350 0 88
v 334 0 88
v 333 0 89
v 330 0 89
v 325 0 84
v 324 0 84
v 321 0 81
v 321 0 76
v 320 0 75
v 320 0 74
v 319 0 73
v 311 0 73
v 310 0 74
v 308 0 74
v 307 0 73
v 306 0 73
v 302 0 77
v 302 0 80
v 301 0 81
v 296 0 81
v 295 0 82
v 295 0 83
v 294 0 84
v 295 0 85
v 295 0 93
v 296 0 94
v 296 0 96
v 294 0 98
v 292 0 98
v 289 0 101
v 289 0 102
v 287 0 104
v 287 0 116
v 286 0 117
v 275 0 117
v 273 0 115
v 272 0 115
v 271 0 116
v 271 0 117
v 274 0 120
v 275 0 120
v 276 0 121
v 276 0 124
v 277 0 125
v 278 0 125
v 279 0 126
v 279 0 128
v 284 0 133
v 287 0 133
v 289 0 135
v 289 0 142
v 291 0 144
v 291 0 145
v 292 0 146
v 292 0 162
v 293 0 163
v 293 0 169
v 292 0 170
v 288 0 170
v 287 0 171
v 288 0 172
v 290 0 172
v 291 0 171
v 293 0 173
v 294 0 172
v 296 0 174
v 297 0 173
v 298 0 173
v 299 0 174
v 300 0 174
v 302 0 172
v 304 0 172
v 305 0 171
v 305 0 168
v 306 0 167
v 311 0 167
v 314 0 164
v 314 0 163
v 321 0 156
v 320 0 155
v 320 0 154
v 329 0 145
v 329 0 144
v 333 0 140
v 340 0 140
v 341 0 139
v 351 0 139
v 352 0 140
v 352 0 144
v 353 0 145
v 353 0 154
v 355 0 156
v 356 0 155
v 356 0 153
v 386 0 95
t 4 5 6
t 7 8 9
t 7 9 10
t 7 10 11
t 12 13 14
t 12 14 15
t 12 15 16
t 16 17 18
t 18 19 20
t 18 20 21
t 18 21 22
t 22 23 24
t 24 25 26
t 24 26 27
t 24 27 28
t 24 28 29
t 24 29 30
t 30 31 32
t 33 34 35
t 35 36 37
t 35 37 38
t 35 38 39
t 35 39 40
t 40 41 42
t 40 42 43
t 40 43 44
t 45 46 47
t 45 47 48
t 45 48 49
t 45 49 50
t 45 50 51
t 45 51 52
t 45 52 53
t 54 55 56
t 54 56 57
t 54 57 58
t 54 58 59
t 61 62 63
t 61 63 64
t 61 64 65
t 61 65 66
t 61 66 67
t 61 67 68
t 68 69 70
t 68 70 71
t 68 71 72
t 72 73 74
t 72 74 75
t 76 77 78
t 78 79 80
t 80 81 82
t 84 85 86
t 84 86 87
t 87 88 89
t 89 90 91
t 91 92 93
t 91 93 94
t 94 95 96
t 94 96 97
t 97 98 99
t 97 99 100
t 101 102 103
t 101 103 104
t 101 104 105
t 101 105 106
t 101 106 107
t 101 107 108
t 101 108 109
t 110 111 112
t 114 115 116
t 116 117 118
t 116 118 119
t 120 121 0
t 120 0 1
t 3 4 6
t 3 6 7
t 3 7 11
t 16 18 22
t 22 24 30
t 33 35 40
t 33 40 44
t 33 44 45
t 33 45 53
t 33 53 54
t 33 54 59
t 60 61 68
t 60 68 72
t 60 72 75
t 60 75 76
t 60 76 78
t 60 78 80
t 84 87 89
t 84 89 91
t 84 91 94
t 84 94 97
t 84 97 100
t 84 100 101
t 84 101 109
t 84 109 110
t 2 3 11
t 12 16 22
t 12 22 30
t 32 33 59
t 32 59 60
t 32 60 80
t 32 80 82
t 32 82 83
t 83 84 110
t 11 12 30
t 30 32 83
t 30 83 110
t 30 110 112
t 30 112 113
t 30 113 114
t 2 11 30
t 2 30 114
t 2 114 116
t 119 120 1
t 1 2 116
t 1 116 119

