v 476 0 103
v 477 0 103
v 477 0 104
v 480 0 107
v 479 0 108
v 475 0 108
v 468 0 115
v 468 0 116
v 466 0 118
v 466 0 124
v 467 0 125
v 467 0 129
v 465 0 131
v 464 0 131
v 463 0 130
v 455 0 130
v 453 0 128
v 450 0 128
v 449 0 129
v 446 0 126
v 444 0 126
v 443 0 127
v 441 0 127
v 434 0 120
v 431 0 120
v 429 0 118
v 422 0 118
v 421 0 119
v 410 0 119
v 408 0 117
v 406 0 117
v 404 0 115
v 403 0 115
v 399 0 111
v 382 0 111
v 381 0 112
v 379 0 112
v 378 0 111
v 379 0 110
v 379 0 109
v 381 0 107
v 381 0 103
v 382 0 102
v 387 0 102
v 391 0 106
v 396 0 106
v 397 0 105
v 397 0 95
v 396 0 94
v 396 0 90
v 397 0 89
v 400 0 89
v 402 0 87
v 404 0 87
v 405 0 86
v 405 0 76
v 407 0 74
v 407 0 73
v 410 0 70
v 412 0 70
v 415 0 67
v 431 0 67
v 432 0 66
v 436 0 66
v 438 0 64
v 439 0 64
v 441 0 66
v 444 0 66
v 448 0 70
v 451 0 70
v 455 0 74
v 456 0 74
v 459 0 77
v 459 0 82
v 460 0 83
v 463 0 83
v 465 0 85
v 466 0 85
v 469 0 88
v 469 0 93
v 470 0 94
v 471 0 94
v 474 0 97
v 474 0 100
v 475 0 101
v 475 0 102
v 391 0 104
t 0 1 2
t 2 3 4
t 2 4 5
t 2 5 6
t 6 7 8
t 9 10 11
t 9 11 12
t 9 12 13
t 9 13 14
t 9 14 15
t 9 15 16
t 9 16 17
t 17 18 19
t 20 21 22
t 20 22 23
t 23 24 25
t 26 27 28
t 26 28 29
t 29 30 31
t 31 32 33
t 34 35 36
t 34 36 37
t 34 37 38
t 34 38 39
t 34 39 40
t 34 40 41
t 34 41 42
t 34 42 43
t 34 43 44
t 34 44 45
t 47 48 49
t 47 49 50
t 47 50 51
t 47 51 52
t 47 52 53
t 47 53 54
t 54 55 56
t 56 57 58
t 56 58 59
t 59 60 61
t 61 62 63
t 63 64 65
t 63 65 66
t 63 66 67
t 63 67 68
t 68 69 70
t 70 71 72
t 70 72 73
t 74 75 76
t 76 77 78
t 76 78 79
t 80 81 82
t 80 82 83
t 83 84 85
t 0 2 6
t 8 9 17
t 8 17 19
t 8 19 20
t 8 20 23
t 8 23 25
t 25 26 29
t 25 29 31
t 25 31 33
t 33 34 45
t 33 45 46
t 33 46 47
t 33 47 54
t 54 56 59
t 54 59 61
t 54 61 63
t 54 63 68
t 54 68 70
t 54 70 73
t 54 73 74
t 54 74 76
t 54 76 79
t 54 79 80
t 54 80 83
t 54 83 85
t 6 8 25
t 6 25 33
t 0 6 33
t 0 33 54
t 86 0 54
t 86 54 85

