v 468 0 176
v 468 0 183
v 465 0 186
v 463 0 186
v 457 0 192
v 441 0 192
v 440 0 193
v 440 0 199
v 439 0 200
v 417 0 200
v 415 0 202
v 413 0 202
v 411 0 204
v 409 0 204
v 405 0 208
v 402 0 208
v 401 0 207
v 401 0 201
v 400 0 200
v 398 0 200
v 397 0 199
v 397 0 196
v 403 0 190
v 403 0 177
v 400 0 174
v 398 0 174
v 396 0 172
v 386 0 172
v 385 0 171
v 385 0 168
v 387 0 166
v 387 0 164
v 390 0 161
v 391 0 161
v 393 0 163
v 405 0 163
v 406 0 164
v 406 0 168
v 407 0 169
v 418 0 169
v 420 0 167
v 429 0 167
v 431 0 169
v 438 0 169
v 442 0 165
v 444 0 165
v 447 0 162
v 448 0 162
v 451 0 165
v 455 0 165
v 457 0 167
v 459 0 167
v 461 0 169
v 465 0 169
v 467 0 171
v 469 0 171
v 470 0 172
v 470 0 173
v 468 0 175
t 0 1 2
t 0 2 3
t 0 3 4
t 0 4 5
t 6 7 8
t 6 8 9
t 9 10 11
t 11 12 13
t 13 14 15
t 13 15 16
t 13 16 17
t 13 17 18
t 18 19 20
t 18 20 21
t 18 21 22
t 24 25 26
t 26 27 28
t 26 28 29
t 26 29 30
t 26 30 31
t 26 31 32
t 26 32 33
t 26 33 34
t 26 34 35
t 26 35 36
t 26 36 37
t 26 37 38
t 26 38 39
t 39 40 41
t 39 41 42
t 39 42 43
t 43 44 45
t 45 46 47
t 45 47 48
t 45 48 49
t 45 49 50
t 50 51 52
t 52 53 54
t 54 55 56
t 54 56 57
t 54 57 58
t 54 58 0
t 54 0 5
t 5 6 9
t 11 13 18
t 11 18 22
t 11 22 23
t 24 26 39
t 24 39 43
t 43 45 50
t 43 50 52
t 43 52 54
t 43 54 5
t 43 5 9
t 43 9 11
t 43 11 23
t 43 23 24

