v 521 0 224
v 522 0 224
v 522 0 219
v 524 0 217
v 524 0 213
v 525 0 212
v 527 0 212
v 531 0 208
v 533 0 208
v 538 0 203
v 538 0 199
v 540 0 197
v 540 0 194
v 539 0 193
v 538 0 193
v 536 0 195
v 527 0 195
v 526 0 194
v 525 0 194
v 524 0 195
v 518 0 195
v 514 0 199
v 510 0 199
v 508 0 201
v 506 0 201
v 503 0 204
v 503 0 205
v 509 0 211
v 509 0 220
v 508 0 221
v 501 0 221
v 500 0 220
v 499 0 220
v 495 0 224
v 495 0 226
v 493 0 228
v 493 0 230
v 492 0 231
v 490 0 231
v 488 0 233
v 484 0 233
v 482 0 235
v 483 0 236
v 496 0 236
v 500 0 240
v 501 0 240
v 503 0 238
v 505 0 238
v 507 0 236
v 511 0 236
v 516 0 231
v 516 0 229
v 520 0 225
t 0 1 2
t 2 3 4
t 5 6 7
t 7 8 9
t 7 9 10
t 10 11 12
t 10 12 13
t 10 13 14
t 10 14 15
t 10 15 16
t 16 17 18
t 16 18 19
t 16 19 20
t 16 20 21
t 21 22 23
t 23 24 25
t 23 25 26
t 23 26 27
t 30 31 32
t 30 32 33
t 30 33 34
t 30 34 35
t 30 35 36
t 37 38 39
t 39 40 41
t 39 41 42
t 39 42 43
t 43 44 45
t 43 45 46
t 43 46 47
t 43 47 48
t 48 49 50
t 48 50 51
t 48 51 52
t 48 52 0
t 48 0 2
t 48 2 4
t 5 7 10
t 5 10 16
t 5 16 21
t 5 21 23
t 5 23 27
t 5 27 28
t 5 28 29
t 29 30 36
t 29 36 37
t 37 39 43
t 37 43 48
t 37 48 4
t 37 4 5
t 37 5 29

