v 196 0 416
v 196 0 419
v 187 0 428
v 183 0 428
v 176 0 435
v 176 0 437
v 174 0 439
v 174 0 446
v 173 0 447
v 169 0 443
v 169 0 441
v 168 0 440
v 164 0 440
v 155 0 431
v 155 0 423
v 152 0 420
v 135 0 420
v 133 0 422
v 131 0 422
v 129 0 424
v 128 0 424
v 127 0 423
v 127 0 421
v 119 0 413
v 119 0 411
v 117 0 409
v 117 0 405
v 116 0 404
v 105 0 404
v 103 0 406
v 94 0 406
v 93 0 405
v 93 0 377
v 87 0 371
v 87 0 369
v 85 0 367
v 85 0 365
v 84 0 364
v 72 0 364
v 68 0 360
v 48 0 360
v 40 0 352
v 27 0 352
v 25 0 354
v 12 0 354
v 3 0 345
v 3 0 342
v 4 0 341
v 10 0 341
v 11 0 340
v 11 0 312
v 12 0 311
v 14 0 311
v 15 0 310
v 15 0 294
v 16 0 293
v 22 0 293
v 30 0 285
v 34 0 285
v 35 0 284
v 35 0 272
v 42 0 265
v 49 0 265
v 50 0 266
v 50 0 268
v 52 0 270
v 52 0 272
v 53 0 273
v 57 0 273
v 59 0 275
v 66 0 275
v 68 0 273
v 77 0 273
v 79 0 275
v 90 0 275
v 96 0 269
v 115 0 269
v 117 0 271
v 119 0 271
v 121 0 273
v 133 0 273
v 135 0 275
v 152 0 275
v 154 0 273
v 160 0 273
v 164 0 269
v 170 0 269
v 172 0 267
v 175 0 267
v 176 0 268
v 176 0 276
v 177 0 277
v 177 0 278
v 172 0 283
v 172 0 298
v 175 0 301
v 189 0 301
v 191 0 303
v 197 0 303
v 199 0 305
v 203 0 305
v 204 0 306
v 204 0 322
v 205 0 323
v 211 0 323
v 216 0 328
v 216 0 330
v 221 0 335
v 223 0 335
v 227 0 339
v 235 0 339
v 237 0 341
v 243 0 341
v 244 0 342
v 244 0 351
v 242 0 353
v 242 0 357
v 238 0 361
v 238 0 369
v 237 0 370
v 229 0 370
v 219 0 380
v 217 0 380
v 215 0 382
v 213 0 382
v 211 0 384
v 195 0 384
v 194 0 385
v 194 0 404
v 196 0 406
v 196 0 415
t 0 1 2
t 0 2 3
t 4 5 6
t 6 7 8
t 6 8 9
t 6 9 10
t 6 10 11
t 6 11 12
t 6 12 13
t 6 13 14
t 6 14 15
t 16 17 18
t 18 19 20
t 18 20 21
t 18 21 22
t 18 22 23
t 18 23 24
t 18 24 25
t 18 25 26
t 28 29 30
t 28 30 31
t 28 31 32
t 32 33 34
t 34 35 36
t 37 38 39
t 39 40 41
t 42 43 44
t 42 44 45
t 42 45 46
t 42 46 47
t 42 47 48
t 42 48 49
t 42 49 50
t 42 50 51
t 42 51 52
t 42 52 53
t 42 53 54
t 42 54 55
t 42 55 56
t 42 56 57
t 42 57 58
t 42 58 59
t 59 60 61
t 59 61 62
t 59 62 63
t 59 63 64
t 59 64 65
t 59 65 66
t 59 66 67
t 59 67 68
t 59 68 69
t 59 69 70
t 70 71 72
t 70 72 73
t 70 73 74
t 74 75 76
t 74 76 77
t 74 77 78
t 74 78 79
t 74 79 80
t 74 80 81
t 74 81 82
t 82 83 84
t 84 85 86
t 86 87 88
t 86 88 89
t 86 89 90
t 90 91 92
t 90 92 93
t 95 96 97
t 97 98 99
t 99 100 101
t 99 101 102
t 103 104 105
t 103 105 106
t 103 106 107
t 107 108 109
t 109 110 111
t 111 112 113
t 111 113 114
t 111 114 115
t 111 115 116
t 111 116 117
t 111 117 118
t 111 118 119
t 111 119 120
t 111 120 121
t 111 121 122
t 111 122 123
t 111 123 124
t 111 124 125
t 111 125 126
t 111 126 127
t 128 129 130
t 128 130 0
t 128 0 3
t 128 3 4
t 4 6 15
t 16 18 26
t 16 26 27
t 27 28 32
t 27 32 34
t 27 34 36
t 37 39 41
t 41 42 59
t 41 59 70
t 41 70 74
t 41 74 82
t 41 82 84
t 41 84 86
t 41 86 90
t 41 90 93
t 41 93 94
t 41 94 95
t 41 95 97
t 41 97 99
t 41 99 102
t 41 102 103
t 41 103 107
t 41 107 109
t 41 109 111
t 41 111 127
t 127 128 4
t 127 4 15
t 127 15 16
t 127 16 27
t 127 27 36
t 127 36 37
t 127 37 41

