v 462 0 224
v 461 0 223
v 464 0 226
v 464 0 228
v 467 0 231
v 467 0 232
v 465 0 234
v 459 0 234
v 457 0 236
v 455 0 236
v 450 0 241
v 450 0 248
v 454 0 252
v 454 0 253
v 453 0 254
v 440 0 254
v 439 0 253
v 439 0 245
v 437 0 243
v 437 0 241
v 434 0 238
v 424 0 238
v 422 0 236
v 420 0 236
v 418 0 234
v 414 0 234
v 412 0 232
v 410 0 232
v 405 0 227
v 405 0 226
v 407 0 224
v 407 0 222
v 409 0 220
v 409 0 216
v 418 0 207
v 420 0 207
v 422 0 205
v 424 0 205
v 426 0 203
v 442 0 203
v 443 0 202
v 443 0 200
v 444 0 199
v 454 0 199
v 456 0 197
v 461 0 197
v 466 0 202
v 466 0 203
v 465 0 204
v 459 0 204
v 458 0 205
v 458 0 216
v 460 0 218
v 460 0 222
t 53 0 1
t 1 2 3
t 3 4 5
t 3 5 6
t 3 6 7
t 3 7 8
t 3 8 9
t 11 12 13
t 11 13 14
t 11 14 15
t 11 15 16
t 11 16 17
t 11 17 18
t 11 18 19
t 11 19 20
t 20 21 22
t 22 23 24
t 24 25 26
t 26 27 28
t 26 28 29
t 26 29 30
t 26 30 31
t 26 31 32
t 26 32 33
t 26 33 34
t 26 34 35
t 26 35 36
t 26 36 37
t 26 37 38
t 26 38 39
t 40 41 42
t 40 42 43
t 43 44 45
t 43 45 46
t 43 46 47
t 43 47 48
t 43 48 49
t 43 49 50
t 43 50 51
t 51 52 53
t 53 1 3
t 53 3 9
t 53 9 10
t 10 11 20
t 20 22 24
t 20 24 26
t 20 26 39
t 20 39 40
t 20 40 43
t 20 43 51
t 20 51 53
t 20 53 10

