v 466 0 272
v 476 0 282
v 478 0 282
v 480 0 284
v 488 0 284
v 490 0 286
v 491 0 286
v 492 0 285
v 492 0 277
v 493 0 276
v 508 0 276
v 518 0 286
v 525 0 286
v 527 0 284
v 529 0 284
v 531 0 282
v 530 0 281
v 523 0 281
v 521 0 279
v 519 0 279
v 514 0 274
v 514 0 272
v 508 0 266
v 508 0 264
v 502 0 258
v 502 0 250
v 497 0 245
v 495 0 245
v 493 0 243
v 483 0 243
v 481 0 241
v 480 0 241
v 477 0 244
v 477 0 246
v 476 0 247
v 469 0 247
v 468 0 246
v 468 0 244
v 463 0 239
v 462 0 239
v 457 0 244
v 457 0 245
v 459 0 247
v 459 0 263
v 465 0 269
v 465 0 271
t 45 0 1
t 45 1 2
t 2 3 4
t 4 5 6
t 4 6 7
t 4 7 8
t 10 11 12
t 10 12 13
t 10 13 14
t 14 15 16
t 14 16 17
t 17 18 19
t 20 21 22
t 22 23 24
t 24 25 26
t 24 26 27
t 24 27 28
t 24 28 29
t 29 30 31
t 29 31 32
t 29 32 33
t 29 33 34
t 36 37 38
t 36 38 39
t 36 39 40
t 36 40 41
t 36 41 42
t 36 42 43
t 36 43 44
t 36 44 45
t 36 45 2
t 36 2 4
t 36 4 8
t 36 8 9
t 10 14 17
t 10 17 19
t 10 19 20
t 10 20 22
t 10 22 24
t 10 24 29
t 10 29 34
t 10 34 35
t 35 36 9
t 35 9 10

