v 702 0 439
v 702 0 440
v 703 0 439
v 701 0 441
v 701 0 444
v 700 0 445
v 692 0 445
v 691 0 444
v 691 0 442
v 687 0 438
v 684 0 438
v 681 0 441
v 679 0 441
v 678 0 442
v 678 0 443
v 677 0 444
v 676 0 444
v 675 0 445
v 675 0 446
v 673 0 448
v 673 0 450
v 672 0 451
v 663 0 451
v 662 0 452
v 662 0 453
v 661 0 454
v 654 0 454
v 653 0 455
v 653 0 456
v 652 0 457
v 640 0 457
v 639 0 458
v 639 0 459
v 638 0 460
v 637 0 460
v 635 0 462
v 632 0 462
v 630 0 460
v 626 0 460
v 625 0 461
v 617 0 461
v 616 0 462
v 616 0 463
v 615 0 464
v 614 0 464
v 613 0 465
v 613 0 468
v 610 0 471
v 609 0 471
v 608 0 470
v 608 0 468
v 606 0 466
v 604 0 466
v 603 0 467
v 602 0 467
v 601 0 466
v 601 0 454
v 600 0 453
v 601 0 452
v 602 0 452
v 603 0 451
v 604 0 452
v 613 0 452
v 614 0 451
v 614 0 450
v 619 0 445
v 619 0 443
v 618 0 442
v 618 0 437
v 617 0 436
v 617 0 435
v 619 0 433
v 622 0 433
v 623 0 432
v 639 0 432
v 640 0 431
v 643 0 431
v 644 0 430
v 644 0 427
v 643 0 426
v 643 0 425
v 644 0 424
v 645 0 424
v 646 0 423
v 646 0 422
v 650 0 418
v 650 0 408
v 653 0 405
v 655 0 407
v 656 0 407
v 657 0 408
v 657 0 411
v 658 0 412
v 663 0 412
v 664 0 411
v 672 0 411
v 673 0 412
v 673 0 413
v 676 0 416
v 676 0 419
v 677 0 420
v 678 0 420
v 682 0 424
v 683 0 424
v 686 0 427
v 686 0 428
v 687 0 429
v 688 0 429
v 691 0 432
v 691 0 437
v 692 0 438
v 697 0 438
v 698 0 437
v 700 0 437
v 701 0 438
v 701 0 447
t 1 2 3
t 3 4 5
t 3 5 6
t 3 6 7
t 3 7 8
t 3 8 9
t 10 11 12
t 13 14 15
t 13 15 16
t 17 18 19
t 19 20 21
t 19 21 22
t 23 24 25
t 23 25 26
t 27 28 29
t 27 29 30
t 31 32 33
t 31 33 34
t 34 35 36
t 34 36 37
t 38 39 40
t 41 42 43
t 41 43 44
t 45 46 47
t 45 47 48
t 45 48 49
t 45 49 50
t 45 50 51
t 45 51 52
t 52 53 54
t 52 54 55
t 52 55 56
t 56 57 58
t 56 58 59
t 56 59 60
t 56 60 61
t 56 61 62
t 63 64 65
t 66 67 68
t 68 69 70
t 68 70 71
t 68 71 72
t 72 73 74
t 74 75 76
t 78 79 80
t 78 80 81
t 78 81 82
t 78 82 83
t 83 84 85
t 85 86 87
t 85 87 88
t 85 88 89
t 85 89 90
t 85 90 91
t 85 91 92
t 85 92 93
t 93 94 95
t 93 95 96
t 93 96 97
t 93 97 98
t 93 98 99
t 93 99 100
t 100 101 102
t 102 103 104
t 102 104 105
t 106 107 108
t 106 108 109
t 111 112 113
t 111 113 114
t 17 19 22
t 22 23 26
t 26 27 30
t 31 34 37
t 31 37 38
t 31 38 40
t 44 45 52
t 44 52 56
t 44 56 62
t 44 62 63
t 44 63 65
t 66 68 72
t 66 72 74
t 66 74 76
t 77 78 83
t 77 83 85
t 77 85 93
t 77 93 100
t 77 100 102
t 77 102 105
t 77 105 106
t 77 106 109
t 77 109 110
t 110 111 114
t 16 17 22
t 16 22 26
t 16 26 30
t 30 31 40
t 41 44 65
t 65 66 76
t 76 77 110
t 13 16 30
t 13 30 40
t 40 41 65
t 40 65 76
t 12 13 40
t 12 40 76
t 10 12 76
t 9 10 76
t 9 76 110
t 9 110 114
t 3 9 114
t 3 114 115
t 3 115 0
t 3 0 1

