v 543 0 400
v 544 0 400
v 544 0 399
v 545 0 398
v 555 0 398
v 557 0 396
v 563 0 396
v 565 0 394
v 573 0 394
v 574 0 393
v 574 0 391
v 579 0 386
v 581 0 386
v 583 0 384
v 586 0 384
v 589 0 387
v 589 0 389
v 590 0 390
v 596 0 390
v 597 0 391
v 598 0 390
v 598 0 387
v 599 0 386
v 599 0 385
v 597 0 383
v 591 0 383
v 590 0 382
v 590 0 378
v 578 0 366
v 578 0 364
v 576 0 362
v 576 0 360
v 575 0 359
v 563 0 359
v 562 0 358
v 562 0 356
v 559 0 353
v 558 0 353
v 555 0 356
v 555 0 364
v 549 0 370
v 549 0 374
v 548 0 375
v 528 0 375
v 526 0 377
v 526 0 378
v 527 0 379
v 527 0 386
v 522 0 391
v 515 0 391
v 514 0 390
v 513 0 390
v 511 0 392
v 511 0 403
v 512 0 404
v 516 0 404
v 517 0 405
v 517 0 407
v 518 0 408
v 519 0 408
v 522 0 405
v 522 0 403
v 525 0 400
v 536 0 400
v 538 0 402
v 541 0 402
v 542 0 401
v 577 0 357
t 0 1 2
t 3 4 5
t 5 6 7
t 7 8 9
t 7 9 10
t 7 10 11
t 11 12 13
t 15 16 17
t 15 17 18
t 18 19 20
t 18 20 21
t 21 22 23
t 21 23 24
t 21 24 25
t 26 27 28
t 28 29 30
t 30 31 32
t 30 32 33
t 34 35 36
t 34 36 37
t 34 37 38
t 34 38 39
t 34 39 40
t 34 40 41
t 42 43 44
t 42 44 45
t 42 45 46
t 42 46 47
t 42 47 48
t 49 50 51
t 49 51 52
t 49 52 53
t 49 53 54
t 49 54 55
t 49 55 56
t 56 57 58
t 56 58 59
t 56 59 60
t 56 60 61
t 56 61 62
t 63 64 65
t 63 65 66
t 3 5 7
t 3 7 11
t 3 11 13
t 14 15 18
t 14 18 21
t 14 21 25
t 14 25 26
t 14 26 28
t 14 28 30
t 14 30 33
t 14 33 34
t 14 34 41
t 14 41 42
t 48 49 56
t 48 56 62
t 48 62 63
t 48 63 66
t 13 14 42
t 13 42 48
t 3 13 48
t 2 3 48
t 0 2 48
t 0 48 66
t 0 66 67

