v 476 0 336
v 476 0 341
v 473 0 344
v 471 0 344
v 470 0 345
v 470 0 347
v 469 0 348
v 468 0 348
v 465 0 345
v 465 0 341
v 460 0 336
v 454 0 336
v 450 0 332
v 441 0 332
v 440 0 333
v 440 0 334
v 439 0 335
v 437 0 333
v 437 0 328
v 441 0 324
v 441 0 314
v 443 0 312
v 443 0 297
v 442 0 296
v 440 0 296
v 437 0 293
v 437 0 292
v 443 0 286
v 443 0 273
v 441 0 271
v 441 0 269
v 439 0 267
v 439 0 265
v 437 0 263
v 437 0 260
v 438 0 259
v 455 0 259
v 456 0 260
v 456 0 272
v 462 0 278
v 462 0 280
v 469 0 287
v 471 0 287
v 474 0 290
v 474 0 302
v 476 0 304
v 476 0 306
v 477 0 307
v 485 0 307
v 494 0 316
v 494 0 317
v 487 0 324
v 485 0 324
v 484 0 325
v 484 0 333
v 483 0 334
v 477 0 334
v 476 0 335
t 0 1 2
t 0 2 3
t 0 3 4
t 4 5 6
t 4 6 7
t 4 7 8
t 4 8 9
t 4 9 10
t 10 11 12
t 14 15 16
t 14 16 17
t 14 17 18
t 14 18 19
t 19 20 21
t 23 24 25
t 23 25 26
t 23 26 27
t 28 29 30
t 30 31 32
t 32 33 34
t 32 34 35
t 32 35 36
t 32 36 37
t 32 37 38
t 32 38 39
t 32 39 40
t 32 40 41
t 41 42 43
t 41 43 44
t 44 45 46
t 47 48 49
t 47 49 50
t 47 50 51
t 47 51 52
t 47 52 53
t 47 53 54
t 47 54 55
t 47 55 56
t 47 56 57
t 57 0 4
t 57 4 10
t 57 10 12
t 13 14 19
t 13 19 21
t 22 23 27
t 22 27 28
t 30 32 41
t 30 41 44
t 30 44 46
t 46 47 57
t 46 57 12
t 46 12 13
t 46 13 21
t 46 21 22
t 46 22 28
t 46 28 30

