v 512 0 176
v 514 0 178
v 516 0 178
v 517 0 179
v 517 0 187
v 520 0 190
v 528 0 190
v 529 0 189
v 527 0 187
v 523 0 187
v 522 0 186
v 522 0 179
v 523 0 178
v 536 0 178
v 537 0 179
v 538 0 179
v 542 0 175
v 542 0 172
v 540 0 170
v 540 0 160
v 537 0 157
v 535 0 157
v 534 0 156
v 534 0 152
v 532 0 150
v 532 0 148
v 528 0 144
v 527 0 144
v 526 0 145
v 514 0 145
v 513 0 146
v 513 0 152
v 509 0 156
v 509 0 158
v 505 0 162
v 505 0 165
v 511 0 171
v 511 0 175
t 0 1 2
t 3 4 5
t 5 6 7
t 5 7 8
t 5 8 9
t 5 9 10
t 5 10 11
t 13 14 15
t 13 15 16
t 13 16 17
t 13 17 18
t 13 18 19
t 13 19 20
t 13 20 21
t 13 21 22
t 22 23 24
t 24 25 26
t 24 26 27
t 24 27 28
t 24 28 29
t 24 29 30
t 24 30 31
t 24 31 32
t 24 32 33
t 24 33 34
t 24 34 35
t 24 35 36
t 24 36 37
t 24 37 0
t 24 0 2
t 24 2 3
t 3 5 11
t 3 11 12
t 12 13 22
t 12 22 24
t 12 24 3

