v 498 0 160
v 498 0 165
v 497 0 166
v 490 0 166
v 488 0 164
v 477 0 164
v 475 0 166
v 466 0 166
v 462 0 162
v 460 0 162
v 454 0 156
v 454 0 155
v 455 0 154
v 455 0 139
v 453 0 137
v 453 0 126
v 457 0 122
v 457 0 108
v 461 0 104
v 461 0 96
v 462 0 95
v 463 0 95
v 465 0 97
v 469 0 97
v 474 0 102
v 474 0 106
v 476 0 108
v 476 0 116
v 480 0 120
v 480 0 122
v 482 0 124
v 482 0 129
v 484 0 131
v 484 0 134
v 485 0 135
v 487 0 135
v 490 0 138
v 490 0 144
v 491 0 145
v 495 0 145
v 502 0 152
v 502 0 153
v 498 0 157
v 498 0 159
t 0 1 2
t 0 2 3
t 0 3 4
t 0 4 5
t 5 6 7
t 5 7 8
t 8 9 10
t 8 10 11
t 8 11 12
t 8 12 13
t 13 14 15
t 13 15 16
t 16 17 18
t 18 19 20
t 18 20 21
t 18 21 22
t 18 22 23
t 18 23 24
t 18 24 25
t 18 25 26
t 18 26 27
t 18 27 28
t 18 28 29
t 18 29 30
t 18 30 31
t 31 32 33
t 34 35 36
t 34 36 37
t 38 39 40
t 38 40 41
t 38 41 42
t 38 42 43
t 38 43 0
t 38 0 5
t 38 5 8
t 38 8 13
t 38 13 16
t 16 18 31
t 16 31 33
t 16 33 34
t 16 34 37
t 16 37 38

