v 264 0 320
v 264 0 321
v 262 0 323
v 262 0 331
v 260 0 333
v 260 0 335
v 256 0 339
v 256 0 341
v 253 0 344
v 251 0 344
v 250 0 345
v 249 0 344
v 249 0 337
v 248 0 336
v 236 0 336
v 230 0 330
v 228 0 330
v 223 0 325
v 223 0 323
v 218 0 318
v 214 0 318
v 209 0 313
v 209 0 312
v 214 0 307
v 216 0 307
v 218 0 305
v 230 0 305
v 234 0 301
v 238 0 301
v 248 0 291
v 249 0 291
v 250 0 292
v 250 0 298
v 251 0 299
v 258 0 299
v 260 0 297
v 274 0 297
v 280 0 291
v 282 0 291
v 284 0 289
v 290 0 289
v 302 0 277
v 304 0 277
v 308 0 273
v 310 0 273
v 313 0 270
v 313 0 264
v 315 0 262
v 315 0 258
v 317 0 256
v 317 0 245
v 315 0 243
v 315 0 241
v 311 0 237
v 311 0 235
v 310 0 234
v 308 0 234
v 305 0 231
v 305 0 225
v 306 0 224
v 305 0 223
v 306 0 222
v 306 0 218
v 305 0 217
v 300 0 217
v 296 0 221
v 297 0 222
v 304 0 222
v 307 0 225
v 318 0 225
v 320 0 223
v 322 0 223
v 324 0 221
v 330 0 221
v 331 0 220
v 331 0 218
v 335 0 214
v 335 0 212
v 340 0 207
v 343 0 207
v 344 0 208
v 344 0 218
v 345 0 219
v 350 0 219
v 351 0 220
v 350 0 221
v 350 0 234
v 352 0 236
v 352 0 237
v 351 0 238
v 347 0 238
v 340 0 245
v 340 0 253
v 338 0 255
v 338 0 261
v 331 0 268
v 327 0 268
v 325 0 270
v 321 0 270
v 320 0 271
v 320 0 273
v 318 0 275
v 318 0 288
v 321 0 291
v 321 0 292
v 311 0 292
v 310 0 293
v 309 0 292
v 309 0 287
v 308 0 286
v 299 0 286
v 295 0 290
v 293 0 290
v 292 0 291
v 292 0 295
v 287 0 300
v 285 0 300
v 282 0 303
v 282 0 313
v 279 0 316
v 267 0 316
v 264 0 319
t 0 1 2
t 2 3 4
t 4 5 6
t 6 7 8
t 6 8 9
t 9 10 11
t 9 11 12
t 13 14 15
t 15 16 17
t 15 17 18
t 19 20 21
t 19 21 22
t 19 22 23
t 19 23 24
t 19 24 25
t 19 25 26
t 19 26 27
t 19 27 28
t 28 29 30
t 28 30 31
t 28 31 32
t 28 32 33
t 28 33 34
t 34 35 36
t 36 37 38
t 38 39 40
t 40 41 42
t 42 43 44
t 45 46 47
t 47 48 49
t 50 51 52
t 52 53 54
t 55 56 57
t 55 57 58
t 55 58 59
t 69 70 71
t 71 72 73
t 74 75 76
t 76 77 78
t 76 78 79
t 76 79 80
t 76 80 81
t 76 81 82
t 82 83 84
t 82 84 85
t 82 85 86
t 86 87 88
t 86 88 89
t 86 89 90
t 86 90 91
t 91 92 93
t 93 94 95
t 93 95 96
t 93 96 97
t 93 97 98
t 99 100 101
t 102 103 104
t 102 104 105
t 105 106 107
t 105 107 108
t 110 111 112
t 113 114 115
t 113 115 116
t 113 116 117
t 117 118 119
t 117 119 120
t 121 0 2
t 2 4 6
t 2 6 9
t 2 9 12
t 2 12 13
t 2 13 15
t 2 15 18
t 2 18 19
t 2 19 28
t 2 28 34
t 2 34 36
t 36 38 40
t 40 42 44
t 45 47 49
t 54 55 59
t 69 71 73
t 74 76 82
t 74 82 86
t 74 86 91
t 74 91 93
t 74 93 98
t 74 98 99
t 74 99 101
t 101 102 105
t 101 105 108
t 101 108 109
t 101 109 110
t 113 117 120
t 121 2 36
t 121 36 40
t 52 54 59
t 73 74 101
t 120 121 40
t 69 73 101
t 113 120 40
t 112 113 40
t 112 40 44
t 112 44 45
t 110 112 45
t 101 110 45
t 101 45 49
t 101 49 50
t 69 101 50
t 69 50 52
t 68 69 52
t 60 61 62
t 60 62 63
t 60 63 64
t 64 65 66
t 64 66 67

