v 400 0 224
v 400 0 225
v 396 0 229
v 396 0 242
v 398 0 244
v 398 0 252
v 400 0 254
v 400 0 298
v 399 0 299
v 400 0 300
v 401 0 299
v 398 0 298
v 395 0 295
v 395 0 293
v 385 0 283
v 385 0 279
v 383 0 277
v 383 0 273
v 382 0 272
v 368 0 272
v 367 0 271
v 367 0 270
v 372 0 265
v 374 0 265
v 378 0 261
v 382 0 261
v 383 0 260
v 383 0 253
v 379 0 249
v 379 0 243
v 378 0 242
v 374 0 242
v 366 0 234
v 362 0 234
v 355 0 227
v 355 0 217
v 349 0 211
v 349 0 210
v 352 0 207
v 364 0 207
v 368 0 203
v 372 0 203
v 376 0 199
v 388 0 199
v 391 0 196
v 392 0 196
v 392 0 202
v 393 0 203
v 397 0 203
v 398 0 204
v 398 0 210
v 399 0 211
v 404 0 211
v 405 0 212
v 404 0 213
v 404 0 215
v 400 0 219
v 400 0 223
t 0 1 2
t 3 4 5
t 5 6 7
t 11 12 13
t 13 14 15
t 15 16 17
t 18 19 20
t 18 20 21
t 18 21 22
t 18 22 23
t 18 23 24
t 18 24 25
t 18 25 26
t 27 28 29
t 30 31 32
t 32 33 34
t 32 34 35
t 35 36 37
t 35 37 38
t 35 38 39
t 35 39 40
t 35 40 41
t 41 42 43
t 43 44 45
t 43 45 46
t 43 46 47
t 47 48 49
t 47 49 50
t 51 52 53
t 51 53 54
t 51 54 55
t 51 55 56
t 51 56 57
t 51 57 0
t 51 0 2
t 3 5 7
t 13 15 17
t 17 18 26
t 17 26 27
t 30 32 35
t 30 35 41
t 30 41 43
t 30 43 47
t 30 47 50
t 30 50 51
t 30 51 2
t 30 2 3
t 13 17 27
t 29 30 3
t 11 13 27
t 27 29 3
t 27 3 7
t 11 27 7
t 7 8 9
t 7 9 10
t 7 10 11

