v 585 0 231
v 584 0 232
v 582 0 232
v 578 0 236
v 584 0 242
v 585 0 242
v 586 0 243
v 586 0 254
v 585 0 255
v 584 0 255
v 583 0 256
v 576 0 256
v 575 0 255
v 574 0 255
v 573 0 256
v 573 0 257
v 572 0 258
v 571 0 258
v 570 0 259
v 570 0 262
v 568 0 264
v 568 0 267
v 567 0 268
v 565 0 268
v 562 0 271
v 558 0 271
v 556 0 273
v 557 0 274
v 558 0 274
v 559 0 273
v 573 0 273
v 577 0 277
v 578 0 277
v 580 0 275
v 581 0 275
v 584 0 272
v 589 0 272
v 590 0 271
v 590 0 270
v 594 0 266
v 594 0 264
v 599 0 259
v 599 0 258
v 601 0 256
v 601 0 251
v 603 0 249
v 603 0 244
v 604 0 243
v 606 0 243
v 611 0 238
v 613 0 238
v 614 0 237
v 614 0 236
v 618 0 232
v 618 0 227
v 620 0 225
v 620 0 222
v 619 0 221
v 618 0 221
v 616 0 223
v 614 0 223
v 613 0 224
v 605 0 224
v 604 0 223
v 603 0 223
v 602 0 224
v 597 0 224
v 596 0 225
v 595 0 225
v 591 0 229
v 590 0 229
v 589 0 230
v 586 0 230
t 72 0 1
t 1 2 3
t 1 3 4
t 1 4 5
t 1 5 6
t 8 9 10
t 11 12 13
t 11 13 14
t 11 14 15
t 11 15 16
t 16 17 18
t 16 18 19
t 19 20 21
t 22 23 24
t 24 25 26
t 24 26 27
t 27 28 29
t 30 31 32
t 30 32 33
t 30 33 34
t 30 34 35
t 35 36 37
t 35 37 38
t 35 38 39
t 35 39 40
t 35 40 41
t 35 41 42
t 35 42 43
t 35 43 44
t 44 45 46
t 47 48 49
t 49 50 51
t 49 51 52
t 49 52 53
t 49 53 54
t 54 55 56
t 54 56 57
t 54 57 58
t 54 58 59
t 54 59 60
t 54 60 61
t 54 61 62
t 62 63 64
t 62 64 65
t 62 65 66
t 62 66 67
t 67 68 69
t 69 70 71
t 71 72 1
t 71 1 6
t 71 6 7
t 10 11 16
t 10 16 19
t 10 19 21
t 10 21 22
t 24 27 29
t 24 29 30
t 24 30 35
t 24 35 44
t 47 49 54
t 47 54 62
t 47 62 67
t 47 67 69
t 47 69 71
t 47 71 7
t 47 7 8
t 8 10 22
t 22 24 44
t 22 44 46
t 22 46 47
t 22 47 8

